brand,description,price,product_links
Gear,Large 31 L Backpack SPECIAL AGENT BACKPACK,885,https://www.flipkart.com/gear-special-agent-backpack-31-l/p/itme3fb870a235c0?pid=BKPHDUMDKMUYPJS6&lid=LSTBKPHDUMDKMUYPJS6CENJEY&marketplace=FLIPKART&q=bag&store=search.flipkart.com&srno=s_1_1&otracker=search&otracker1=search&fm=organic&iid=en_S1vA0mxaSc6CidYaaWo_nEdW4NJf8bPBJ1iuK2NRzVZxB4_Zhy7oeNjE8ruFoRhzQet2sVFfDw2HX2Gv7-vwlfUFjCTyOHoHZs-Z5_PS_w0%3D&ppt=None&ppn=None&ssid=rpkf9q4yxs0000001758312541208&qH=4a82715423d654d6
Bluejay,Large 35 L Laptop Backpack Bag for Men Women | Office/College/School,285,https://www.flipkart.com/bluejay-bag-men-women-office-college-school-35-l-backpack/p/itmde0c8ee3f8e2b?pid=BKPGZMJH4ZQGQFHH&lid=LSTBKPGZMJH4ZQGQFHHJWMJ5Y&marketplace=FLIPKART&q=bag&store=search.flipkart.com&srno=s_1_2&otracker=search&otracker1=search&fm=Search&iid=en_S1vA0mxaSc6CidYaaWo_nEdW4NJf8bPBJ1iuK2NRzVYJX7kYawVMu38Ryf3EA73RXH4xtiZxvklOXZ1j5pf-TQ%3D%3D&ppt=sp&ppn=sp&ssid=rpkf9q4yxs0000001758312541208&qH=4a82715423d654d6
PROVOGUE,Medium 25 L Backpack DAYPACK Small Bags for daily use library office outdoor hiking,219,https://www.flipkart.com/provogue-daypack-small-bags-daily-use-library-office-outdoor-hiking-25-l-backpack/p/itmaed04a5c75dd5?pid=BKPGDM57QFCHNXMZ&lid=LSTBKPGDM57QFCHNXMZMZRTFP&marketplace=FLIPKART&q=bag&store=search.flipkart.com&srno=s_1_3&otracker=search&otracker1=search&fm=organic&iid=9d578490-011d-4e96-91ea-1781e77f7077.BKPGDM57QFCHNXMZ.SEARCH&ppt=None&ppn=None&ssid=rpkf9q4yxs0000001758312541208&qH=4a82715423d654d6
Bellveen,Small 10 L Backpack New Sling Bag Anti-Theft USB Crossbody Backpack Waterproof Chest Shoulder Bag,320,https://www.flipkart.com/bellveen-new-sling-bag-anti-theft-usb-crossbody-backpack-waterproof-chest-shoulder-10-l/p/itm561de32162215?pid=BKPH5Z4D94NPUKAY&lid=LSTBKPH5Z4D94NPUKAYUPBVH3&marketplace=FLIPKART&q=bag&store=search.flipkart.com&spotlightTagId=default_BestsellerId_reh%2F4d7%2Fak9&srno=s_1_4&otracker=search&otracker1=search&fm=Search&iid=9d578490-011d-4e96-91ea-1781e77f7077.BKPH5Z4D94NPUKAY.SEARCH&ppt=sp&ppn=sp&ssid=rpkf9q4yxs0000001758312541208&qH=4a82715423d654d6
Mi,Small 12 L Backpack Step Out liters Water Repellent,279,https://www.flipkart.com/mi-step-out-liters-water-repellent-12-l-backpack/p/itm019a85a6c08e3?pid=BKPFT348KJV2GCKS&lid=LSTBKPFT348KJV2GCKSXCDRL9&marketplace=FLIPKART&q=bag&store=search.flipkart.com&srno=s_1_5&otracker=search&otracker1=search&fm=organic&iid=9d578490-011d-4e96-91ea-1781e77f7077.BKPFT348KJV2GCKS.SEARCH&ppt=None&ppn=None&ssid=rpkf9q4yxs0000001758312541208&qH=4a82715423d654d6
NASHER MILES,Large 45 L Backpack Pulse for Men & Women|3 compartment/Casual|Rain Cover,919,https://www.flipkart.com/nasher-miles-pulse-men-women-3-compartment-casual-rain-cover-45-l-backpack/p/itmcddc5b852b92b?pid=BKPGQP8XNKHRRJGM&lid=LSTBKPGQP8XNKHRRJGMTLBQ2A&marketplace=FLIPKART&q=bag&store=search.flipkart.com&srno=s_1_6&otracker=search&otracker1=search&fm=organic&iid=en_S1vA0mxaSc6CidYaaWo_nEdW4NJf8bPBJ1iuK2NRzVYui9bwB8u2_sWBSSS6nY8omYThWbYp-IFbqDn4hvw-9X3Gaq_wzx4HJysDmGalzMk%3D&ppt=None&ppn=None&ssid=rpkf9q4yxs0000001758312541208&qH=4a82715423d654d6
SKYBAGS,21.65 L Backpack BRAT,399,https://www.flipkart.com/skybags-brat-21-65-l-backpack/p/itm04aff3ff6fb19?pid=BKPGF764YQBHHGWJ&lid=LSTBKPGF764YQBHHGWJFL8MIF&marketplace=FLIPKART&q=bag&store=search.flipkart.com&srno=s_1_7&otracker=search&otracker1=search&fm=organic&iid=9d578490-011d-4e96-91ea-1781e77f7077.BKPGF764YQBHHGWJ.SEARCH&ppt=None&ppn=None&ssid=rpkf9q4yxs0000001758312541208&qH=4a82715423d654d6
SKYBAGS,Large 34 L Backpack Polyester Riddle School,668,https://www.flipkart.com/skybags-polyester-riddle-school-34-l-backpack/p/itm908838d73aedc?pid=BKPGJNM7ASJHR5C3&lid=LSTBKPGJNM7ASJHR5C36VK1YU&marketplace=FLIPKART&q=bag&store=search.flipkart.com&srno=s_1_8&otracker=search&otracker1=search&fm=organic&iid=9d578490-011d-4e96-91ea-1781e77f7077.BKPGJNM7ASJHR5C3.SEARCH&ppt=None&ppn=None&ssid=rpkf9q4yxs0000001758312541208&qH=4a82715423d654d6
LUHI,Small 6 L Laptop Backpack Anti-theft Water-Resistant Cross body Bags With USB Charging Port Bag Phone,330,https://www.flipkart.com/luhi-anti-theft-water-resistant-cross-body-bags-usb-charging-port-bag-phone-6-l-trolley-backpack/p/itm72c59caef662e?pid=BKPGRFZFRGRYQ2UF&lid=LSTBKPGRFZFRGRYQ2UFWYEKLO&marketplace=FLIPKART&q=bag&store=search.flipkart.com&spotlightTagId=default_FkPickId_reh%2F4d7%2Fak9&srno=s_1_9&otracker=search&otracker1=search&fm=organic&iid=9d578490-011d-4e96-91ea-1781e77f7077.BKPGRFZFRGRYQ2UF.SEARCH&ppt=None&ppn=None&ssid=rpkf9q4yxs0000001758312541208&qH=4a82715423d654d6
MYSASHOP,"Black Men & Women Sling Bag Anti-Theft, Waterproof, USB Charging, Crossbody with Adjustable Strap",371,https://www.flipkart.com/mysashop-black-sling-bag-anti-theft-waterproof-usb-charging-crossbody-adjustable-strap/p/itm49ae6c1df46aa?pid=SLBH9M45Q8FJE6NS&lid=LSTSLBH9M45Q8FJE6NSQILLN8&marketplace=FLIPKART&q=bag&store=search.flipkart.com&srno=s_1_10&otracker=search&otracker1=search&fm=organic&iid=9d578490-011d-4e96-91ea-1781e77f7077.SLBH9M45Q8FJE6NS.SEARCH&ppt=None&ppn=None&ssid=rpkf9q4yxs0000001758312541208&qH=4a82715423d654d6
Gear,Medium 26 L Backpack Jacquard Camo,906,https://www.flipkart.com/gear-jacquard-camo-26-l-backpack/p/itm5faf9e50cf7e2?pid=BKPFVHFVCH6ADMJM&lid=LSTBKPFVHFVCH6ADMJMZP2TBP&marketplace=FLIPKART&q=bag&store=search.flipkart.com&srno=s_1_11&otracker=search&otracker1=search&fm=organic&iid=en_S1vA0mxaSc6CidYaaWo_nEdW4NJf8bPBJ1iuK2NRzVbJk6xiEEuYDe7-QctP9lwknKCvwLqin-mqe6l71R9LL-vN4Mn-dv-pi277bRzMbnY%3D&ppt=None&ppn=None&ssid=rpkf9q4yxs0000001758312541208&qH=4a82715423d654d6
PROVOGUE,Medium 25 L Backpack Bags for daily use Backpack,219,https://www.flipkart.com/provogue-bags-daily-use-backpack-25-l/p/itmb4f4298eaa112?pid=BKPGDM579X4MJG7Z&lid=LSTBKPGDM579X4MJG7ZW8QRLI&marketplace=FLIPKART&q=bag&store=search.flipkart.com&srno=s_1_12&otracker=search&otracker1=search&fm=organic&iid=en_S1vA0mxaSc6CidYaaWo_nEdW4NJf8bPBJ1iuK2NRzVYYfIyjqdx8sMF06YC_NsdGTIu0daSdXh21VgpGCjn2VA%3D%3D&ppt=None&ppn=None&ssid=rpkf9q4yxs0000001758312541208&qH=4a82715423d654d6
K.B.SALES,"Black, Brown Men & Women Shoulder Bag Business Men Port",358,https://www.flipkart.com/k-b-sales-black-brown-shoulder-bag-business-men-port/p/itm8a5be1e28fec4?pid=SLBGUFGFFKZBNXBD&lid=LSTSLBGUFGFFKZBNXBDHJGBR8&marketplace=FLIPKART&q=bag&store=search.flipkart.com&srno=s_1_13&otracker=search&otracker1=search&fm=organic&iid=9d578490-011d-4e96-91ea-1781e77f7077.SLBGUFGFFKZBNXBD.SEARCH&ppt=None&ppn=None&ssid=rpkf9q4yxs0000001758312541208&qH=4a82715423d654d6
K.B.SALES,Black Men & Women Shoulder Bag Sling Bag Business Men Bag Chest Crossbody bags with USB Charging Port,362,https://www.flipkart.com/k-b-sales-black-shoulder-bag-sling-business-men-chest-crossbody-bags-usb-charging-port/p/itma8a3d5ae4a4f2?pid=SLBGUFGFCN8GKRYG&lid=LSTSLBGUFGFCN8GKRYGTPXMI9&marketplace=FLIPKART&q=bag&store=search.flipkart.com&srno=s_1_14&otracker=search&otracker1=search&fm=organic&iid=9d578490-011d-4e96-91ea-1781e77f7077.SLBGUFGFCN8GKRYG.SEARCH&ppt=None&ppn=None&ssid=rpkf9q4yxs0000001758312541208&qH=4a82715423d654d6
ICHIEF,Grey Men Sling Bag Shade,395,https://www.flipkart.com/ichief-grey-sling-bag-shade/p/itm796112f0cc2d8?pid=SLBH8RFHEM2HBCWZ&lid=LSTSLBH8RFHEM2HBCWZZI15ZU&marketplace=FLIPKART&q=bag&store=search.flipkart.com&srno=s_1_15&otracker=search&otracker1=search&fm=organic&iid=9d578490-011d-4e96-91ea-1781e77f7077.SLBH8RFHEM2HBCWZ.SEARCH&ppt=None&ppn=None&ssid=rpkf9q4yxs0000001758312541208&qH=4a82715423d654d6
Woons,Grey Men Sling Bag Cross body Men’s Sling Messenger Bag for Travel / Office / Business,153,https://www.flipkart.com/woons-grey-sling-bag-cross-body-mens-messenger-travel-office-business/p/itmb665f7dfbb9db?pid=SLBHFE3ZYXFFKFPG&lid=LSTSLBHFE3ZYXFFKFPGFPQRND&marketplace=FLIPKART&q=bag&store=search.flipkart.com&srno=s_1_16&otracker=search&otracker1=search&fm=organic&iid=9d578490-011d-4e96-91ea-1781e77f7077.SLBHFE3ZYXFFKFPG.SEARCH&ppt=None&ppn=None&ssid=rpkf9q4yxs0000001758312541208&qH=4a82715423d654d6
Catbox,Large 40 L Laptop Backpack Large Laptop Backpack Casual Laptop Backpack for Men Women Boys Girls/Office,426,https://www.flipkart.com/catbox-large-laptop-backpack-casual-men-women-boys-girls-office-40-l/p/itmc44a41fac53d4?pid=BKPH7HYFV6TJ2FEB&lid=LSTBKPH7HYFV6TJ2FEBXT6J7Y&marketplace=FLIPKART&q=bag&store=search.flipkart.com&srno=s_1_17&otracker=search&otracker1=search&fm=organic&iid=en_S1vA0mxaSc6CidYaaWo_nEdW4NJf8bPBJ1iuK2NRzVZlBBK5SOZ1XytUuP9a0ydWlVhLEgpyJ5nMql13qoeftw%3D%3D&ppt=None&ppn=None&ssid=rpkf9q4yxs0000001758312541208&qH=4a82715423d654d6
ADAAZEL,Large 45 L Laptop Backpack Casual unisex Backpack school college laptop office bag,251,https://www.flipkart.com/adaazel-casual-unisex-backpack-school-college-laptop-office-bag-45-l/p/itm157da5f34b31e?pid=BKPGSJ3ZYJGVGVFP&lid=LSTBKPGSJ3ZYJGVGVFPRFB98S&marketplace=FLIPKART&q=bag&store=search.flipkart.com&srno=s_1_18&otracker=search&otracker1=search&fm=organic&iid=en_S1vA0mxaSc6CidYaaWo_nEdW4NJf8bPBJ1iuK2NRzVaV1LNCbqGH_E-2krQU8i5UiYCJB6h9ofvFCHR4hLJ-OA%3D%3D&ppt=None&ppn=None&ssid=rpkf9q4yxs0000001758312541208&qH=4a82715423d654d6
Gear,30 L Gym Duffel Bag - Clubsport - Brown,659,https://www.flipkart.com/gear-clubsport-gym-duffel-bag/p/itme1ad935ec954c?pid=DFBHF4KNGF7S3RP2&lid=LSTDFBHF4KNGF7S3RP2SWXOSR&marketplace=FLIPKART&q=bag&store=search.flipkart.com&srno=s_1_19&otracker=search&otracker1=search&fm=organic&iid=9d578490-011d-4e96-91ea-1781e77f7077.DFBHF4KNGF7S3RP2.SEARCH&ppt=None&ppn=None&ssid=rpkf9q4yxs0000001758312541208&qH=4a82715423d654d6
Gear,30 L Gym Duffel Bag - Clubsport - Blue,659,https://www.flipkart.com/gear-clubsport-gym-duffel-bag/p/itm67eebdb2d866a?pid=DFBHF4KNZRGHSVQX&lid=LSTDFBHF4KNZRGHSVQXEJMC7N&marketplace=FLIPKART&q=bag&store=search.flipkart.com&srno=s_1_20&otracker=search&otracker1=search&fm=organic&iid=9d578490-011d-4e96-91ea-1781e77f7077.DFBHF4KNZRGHSVQX.SEARCH&ppt=None&ppn=None&ssid=rpkf9q4yxs0000001758312541208&qH=4a82715423d654d6
Luzian,Medium 22 L Backpack Casual School Design Tuition College Office Shoulder For Unisex,227,https://www.flipkart.com/luzian-casual-school-design-tuition-college-office-shoulder-unisex-22-l-backpack/p/itmeedb7b2edc7be?pid=BKPGZ8Y6FGZAGP7W&lid=LSTBKPGZ8Y6FGZAGP7WF2SAWO&marketplace=FLIPKART&q=bag&store=search.flipkart.com&srno=s_1_21&otracker=search&otracker1=search&fm=organic&iid=en_S1vA0mxaSc6CidYaaWo_nEdW4NJf8bPBJ1iuK2NRzVbouNwyYESgOPEcxzxd1QHdarwCrESirtU7b56dCTP5uQ%3D%3D&ppt=None&ppn=None&ssid=rpkf9q4yxs0000001758312541208&qH=4a82715423d654d6
Style look,"Large 90 L Laptop Backpack Trakking bag and hikking ,rucksack travel bag for MEN luggage bag 75L(NBLUE)",399,https://www.flipkart.com/style-look-trakking-bag-hikking-rucksack-travel-men-luggage-75l-nblue-90-l-backpack/p/itm423bb516a5605?pid=BKPHBYZN5PJQEMXW&lid=LSTBKPHBYZN5PJQEMXWBLANNA&marketplace=FLIPKART&q=bag&store=search.flipkart.com&srno=s_1_22&otracker=search&otracker1=search&fm=organic&iid=en_S1vA0mxaSc6CidYaaWo_nEdW4NJf8bPBJ1iuK2NRzVbauvo2GBMC7Mv759GAppUORNe7L8iI6owxCBd0aPfK2g%3D%3D&ppt=None&ppn=None&ssid=rpkf9q4yxs0000001758312541208&qH=4a82715423d654d6
,"ZEBRONICS ZEB-KM-2100 Wired USB Standard Desktop Keyboard Compatible with Desktop, Laptop, Mac stand support,multimedia_keys,KM-2100",226,https://www.flipkart.com/zebronics-zeb-km-2100-wired-usb-standard-desktop-keyboard-compatible-desktop-laptop-mac-stand-support-multimedia-keys-km-2100/p/itme4d7408f2405e?pid=ACCEZ3YWU75CERHH&lid=LSTACCEZ3YWU75CERHHOG2UIJ&marketplace=FLIPKART&q=bag&store=search.flipkart.com&srno=s_1_23&otracker=search&otracker1=search&fm=organic&iid=9d578490-011d-4e96-91ea-1781e77f7077.ACCEZ3YWU75CERHH.SEARCH&ppt=None&ppn=None&ssid=rpkf9q4yxs0000001758312541208&qH=4a82715423d654d6
PROVOGUE,Medium 25 L Backpack DAYPACK Bags 2 Compartment Backpack for daily use library office outdoor hiking,219,https://www.flipkart.com/provogue-daypack-bags-2-compartment-backpack-daily-use-library-office-outdoor-hiking-25-l/p/itm886de191d45ad?pid=BKPGDM57UPRJV6ZH&lid=LSTBKPGDM57UPRJV6ZHTJIBNQ&marketplace=FLIPKART&q=bag&store=search.flipkart.com&srno=s_1_24&otracker=search&otracker1=search&fm=organic&iid=9d578490-011d-4e96-91ea-1781e77f7077.BKPGDM57UPRJV6ZH.SEARCH&ppt=None&ppn=None&ssid=rpkf9q4yxs0000001758312541208&qH=4a82715423d654d6
SKYBAGS,21.65 L Backpack BRAT,399,https://www.flipkart.com/skybags-brat-21-65-l-backpack/p/itma15144b840430?pid=BKPGF764YMNH4TGG&lid=LSTBKPGF764YMNH4TGGTIAS8L&marketplace=FLIPKART&q=bag&store=search.flipkart.com&srno=s_1_25&otracker=search&otracker1=search&fm=organic&iid=9d578490-011d-4e96-91ea-1781e77f7077.BKPGF764YMNH4TGG.SEARCH&ppt=None&ppn=None&ssid=rpkf9q4yxs0000001758312541208&qH=4a82715423d654d6
PROVOGUE,Medium 25 L Backpack DAYPACK Small Bags for daily use library office outdoor hiking,219,https://www.flipkart.com/provogue-daypack-small-bags-daily-use-library-office-outdoor-hiking-25-l-backpack/p/itmfd4e236876f5f?pid=BKPGDM57XFQUG7H2&lid=LSTBKPGDM57XFQUG7H261IKVP&marketplace=FLIPKART&q=bag&store=search.flipkart.com&srno=s_1_26&otracker=search&otracker1=search&fm=organic&iid=9d578490-011d-4e96-91ea-1781e77f7077.BKPGDM57XFQUG7H2.SEARCH&ppt=None&ppn=None&ssid=rpkf9q4yxs0000001758312541208&qH=4a82715423d654d6
Gear,"Large 33 L Backpack Diva 17"" Girls",439,https://www.flipkart.com/gear-diva-17-girls-33-l-backpack/p/itme6d02a9ef46b4?pid=BKPHY52MVHYWVJMU&lid=LSTBKPHY52MVHYWVJMULUH6TW&marketplace=FLIPKART&q=bag&store=search.flipkart.com&srno=s_1_27&otracker=search&otracker1=search&fm=organic&iid=en_S1vA0mxaSc6CidYaaWo_nEdW4NJf8bPBJ1iuK2NRzVZfSHt-1EenByh3tULqwalOPb31XOXyse1iTRulYEfXsGJMZAJirnjvZRqZ0WhE16A%3D&ppt=None&ppn=None&ssid=rpkf9q4yxs0000001758312541208&qH=4a82715423d654d6
NASHER MILES,Large 40 L Laptop Backpack Corporate Black Laptop Backpack,1509,https://www.flipkart.com/nasher-miles-corporate-black-laptop-backpack-40-l/p/itmcbb4d30c323d6?pid=BKPGH7X2FMWUJ9DE&lid=LSTBKPGH7X2FMWUJ9DE18C4CI&marketplace=FLIPKART&q=bag&store=search.flipkart.com&srno=s_1_28&otracker=search&otracker1=search&fm=organic&iid=en_S1vA0mxaSc6CidYaaWo_nEdW4NJf8bPBJ1iuK2NRzVbB9wXHRcBvWsrO91eAqUx6jPRlG61VeGjI6gbwr07_MyqhaHrzSI4OjvZa1DRoeKc%3D&ppt=None&ppn=None&ssid=rpkf9q4yxs0000001758312541208&qH=4a82715423d654d6
SKYBAGS,21.65 L Backpack BRAT,399,https://www.flipkart.com/skybags-brat-21-65-l-backpack/p/itmf61c24e9bf653?pid=BKPGF764GSZMWTFM&lid=LSTBKPGF764GSZMWTFMPOIVVR&marketplace=FLIPKART&q=bag&store=search.flipkart.com&srno=s_1_29&otracker=search&otracker1=search&fm=organic&iid=9d578490-011d-4e96-91ea-1781e77f7077.BKPGF764GSZMWTFM.SEARCH&ppt=None&ppn=None&ssid=rpkf9q4yxs0000001758312541208&qH=4a82715423d654d6
WROGN,Large 35 L Laptop Backpack BP/REXINE/1500,789,https://www.flipkart.com/wrogn-bp-rexine-1500-35-l-backpack/p/itm4adb05787320f?pid=BKPGHPVQTF9XMBQH&lid=LSTBKPGHPVQTF9XMBQHSFS5H0&marketplace=FLIPKART&q=bag&store=search.flipkart.com&srno=s_1_30&otracker=search&otracker1=search&fm=organic&iid=9d578490-011d-4e96-91ea-1781e77f7077.BKPGHPVQTF9XMBQH.SEARCH&ppt=None&ppn=None&ssid=rpkf9q4yxs0000001758312541208&qH=4a82715423d654d6
Bluejay,Large 40 L Backpack 40L Casual Laptop Backpack School/College/Office/Travel Bag For Men & Women,285,https://www.flipkart.com/bluejay-40l-casual-laptop-backpack-school-college-office-travel-bag-men-women-40-l/p/itm778ec67506840?pid=BKPGKVBPMK5KNWGE&lid=LSTBKPGKVBPMK5KNWGERRU6TW&marketplace=FLIPKART&q=bag&store=search.flipkart.com&srno=s_1_31&otracker=search&otracker1=search&fm=organic&iid=en_S1vA0mxaSc6CidYaaWo_nEdW4NJf8bPBJ1iuK2NRzVYwvv42bUzcbJlxtQvwerv6FmYyrlQ-G04d86w15tgSww%3D%3D&ppt=None&ppn=None&ssid=rpkf9q4yxs0000001758312541208&qH=4a82715423d654d6
ezra,Medium 30 L Backpack Sleek and Functional College Bags/Laptop Bags,234,https://www.flipkart.com/ezra-sleek-functional-college-bags-laptop-bags-30-l-backpack/p/itmb20abe8e4fbd2?pid=BKPGSFB6UGZVUDDD&lid=LSTBKPGSFB6UGZVUDDD5XQDCE&marketplace=FLIPKART&q=bag&store=search.flipkart.com&srno=s_1_32&otracker=search&otracker1=search&fm=organic&iid=en_S1vA0mxaSc6CidYaaWo_nEdW4NJf8bPBJ1iuK2NRzVbGDWbZrrujlpRwor39kGB7mCYlgnThKKblFv5NMp6_0A%3D%3D&ppt=None&ppn=None&ssid=rpkf9q4yxs0000001758312541208&qH=4a82715423d654d6
SKYBAGS,Medium 22 L Backpack Polyester,638,https://www.flipkart.com/skybags-polyester-22-l-backpack/p/itm117755d2b7bce?pid=BKPGJNM6YHVKP8CX&lid=LSTBKPGJNM6YHVKP8CXO8YRKZ&marketplace=FLIPKART&q=bag&store=search.flipkart.com&srno=s_1_33&otracker=search&otracker1=search&fm=organic&iid=9d578490-011d-4e96-91ea-1781e77f7077.BKPGJNM6YHVKP8CX.SEARCH&ppt=None&ppn=None&ssid=rpkf9q4yxs0000001758312541208&qH=4a82715423d654d6
MYSASHOP,"Grey, Brown Men & Women Sling Bag Anti-Theft, Waterproof, USB Charging, Crossbody with Adjustable Strap",379,https://www.flipkart.com/mysashop-grey-brown-sling-bag-anti-theft-waterproof-usb-charging-crossbody-adjustable-strap/p/itm3552e228f3e11?pid=SLBH9NS5KYB4NYZF&lid=LSTSLBH9NS5KYB4NYZFCCHUIJ&marketplace=FLIPKART&q=bag&store=search.flipkart.com&srno=s_1_34&otracker=search&otracker1=search&fm=organic&iid=9d578490-011d-4e96-91ea-1781e77f7077.SLBH9NS5KYB4NYZF.SEARCH&ppt=None&ppn=None&ssid=rpkf9q4yxs0000001758312541208&qH=4a82715423d654d6
LUHI,Brown Men & Women Sling Bag -Black_Anti-theft Water-Resistant Cross body s With USB Charging,357,https://www.flipkart.com/luhi-brown-sling-bag-black-anti-theft-water-resistant-cross-body-s-usb-charging/p/itmad86f098572f7?pid=SLBGRV9YUZCWVCGP&lid=LSTSLBGRV9YUZCWVCGPNNENDC&marketplace=FLIPKART&q=bag&store=search.flipkart.com&srno=s_1_35&otracker=search&otracker1=search&fm=organic&iid=9d578490-011d-4e96-91ea-1781e77f7077.SLBGRV9YUZCWVCGP.SEARCH&ppt=None&ppn=None&ssid=rpkf9q4yxs0000001758312541208&qH=4a82715423d654d6
bellira,Brown Men Sling Bag PU Synthetic Leather Men's Sling Bag Cross Body Travel Office Business messenger,380,https://www.flipkart.com/bellira-brown-sling-bag-pu-synthetic-leather-men-s-cross-body-travel-office-business-messenger/p/itm2d92690bcaee1?pid=SLBHADEFWBBUWYGR&lid=LSTSLBHADEFWBBUWYGRM4RE1D&marketplace=FLIPKART&q=bag&store=search.flipkart.com&srno=s_1_36&otracker=search&otracker1=search&fm=organic&iid=9d578490-011d-4e96-91ea-1781e77f7077.SLBHADEFWBBUWYGR.SEARCH&ppt=None&ppn=None&ssid=rpkf9q4yxs0000001758312541208&qH=4a82715423d654d6
markway,Large 35 L Laptop Backpack spacy comfortable 4th to 10th class casual college Waterproof School Bag,264,https://www.flipkart.com/markway-spacy-comfortable-4th-10th-class-casual-college-waterproof-school-bag-35-l-backpack/p/itm254945957396d?pid=BKPGPPRDZGR5CTXE&lid=LSTBKPGPPRDZGR5CTXEGEFK3R&marketplace=FLIPKART&q=bag&store=search.flipkart.com&srno=s_1_37&otracker=search&otracker1=search&fm=organic&iid=en_S1vA0mxaSc6CidYaaWo_nEdW4NJf8bPBJ1iuK2NRzVZy_IqKVL7bWYO9Dk-3hsxD8zXadjL9k_FGbwVCpvo8TQ%3D%3D&ppt=None&ppn=None&ssid=rpkf9q4yxs0000001758312541208&qH=4a82715423d654d6
MONVELLI,Large 45 L Laptop Backpack Smart Tracker,630,https://www.flipkart.com/monvelli-smart-tracker-45-l-backpack/p/itmd37d82ead025c?pid=BKPH6J8CJUKGAAAP&lid=LSTBKPH6J8CJUKGAAAPENWP7A&marketplace=FLIPKART&q=bag&store=search.flipkart.com&srno=s_1_38&otracker=search&otracker1=search&fm=organic&iid=en_S1vA0mxaSc6CidYaaWo_nEdW4NJf8bPBJ1iuK2NRzVZGGrayyXumJQJIYVcL_28gu0j7xpFPkqAAhBD8dbM3-g%3D%3D&ppt=None&ppn=None&ssid=rpkf9q4yxs0000001758312541208&qH=4a82715423d654d6
HOPZ,Black Men & Women Sling Bag Sling Chest Bag For Men & Women Waterproof Sling Backpack Bag with USB Charging,344,https://www.flipkart.com/hopz-black-sling-bag-chest-men-women-waterproof-backpack-usb-charging/p/itm65d28a0217de4?pid=SLBGQJHVF5H8TXJZ&lid=LSTSLBGQJHVF5H8TXJZQNCC7V&marketplace=FLIPKART&q=bag&store=search.flipkart.com&srno=s_1_39&otracker=search&otracker1=search&fm=organic&iid=9d578490-011d-4e96-91ea-1781e77f7077.SLBGQJHVF5H8TXJZ.SEARCH&ppt=None&ppn=None&ssid=rpkf9q4yxs0000001758312541208&qH=4a82715423d654d6
DEZiRE CRAfTS,Black Men Sling Bag - Extra Large Stylish Shoulder Cross Body Office Business Messenger Bag Water Resistant for Men and Women,278,https://www.flipkart.com/dezire-crafts-black-sling-bag-stylish-shoulder-cross-body-office-business-messenger-water-resistant-men-women/p/itm2ee0819936c3e?pid=SLBGFD62EYBHZFRG&lid=LSTSLBGFD62EYBHZFRG4ULJRB&marketplace=FLIPKART&q=bag&store=search.flipkart.com&srno=s_1_40&otracker=search&otracker1=search&fm=organic&iid=9d578490-011d-4e96-91ea-1781e77f7077.SLBGFD62EYBHZFRG.SEARCH&ppt=None&ppn=None&ssid=rpkf9q4yxs0000001758312541208&qH=4a82715423d654d6
NASHER MILES,"Large 45 L Backpack Wave Backpack for Men & Women | 3 compartment/Casual/College Bag|Navy Blue, 45L",919,https://www.flipkart.com/nasher-miles-wave-backpack-men-women-3-compartment-casual-college-bag-navy-blue-45l-45-l/p/itm1d6a954e28adb?pid=BKPGQP8W4NW25HXY&lid=LSTBKPGQP8W4NW25HXYJZWYLS&marketplace=FLIPKART&q=bag&store=search.flipkart.com&srno=s_2_41&otracker=search&otracker1=search&fm=Search&iid=en_V2v8L70VYSGojLo0tq0Ru7VNKntROg0rDOD2GGDmhelJmu7h0gRCVxhtYVNYEL2ngVEAoqzy-FeTmKbXOQXag_UFjCTyOHoHZs-Z5_PS_w0%3D&ppt=sp&ppn=sp&ssid=f0qfh3w58w0000001758312552510&qH=4a82715423d654d6
NASHER MILES,"Large 45 L Backpack Wave Backpack for Men & Women | 3 compartment/Casual/College Bag | Red, 45L",869,https://www.flipkart.com/nasher-miles-wave-backpack-men-women-3-compartment-casual-college-bag-red-45l-45-l/p/itm631d290c3e367?pid=BKPGQP8WAE8KQNH8&lid=LSTBKPGQP8WAE8KQNH8JBIMNU&marketplace=FLIPKART&q=bag&store=search.flipkart.com&srno=s_2_42&otracker=search&otracker1=search&fm=organic&iid=en_V2v8L70VYSGojLo0tq0Ru7VNKntROg0rDOD2GGDmhenOmbjzJ1cn80PLKqzu3L9z1MVON_WAYDsHCfeJKKf_evUFjCTyOHoHZs-Z5_PS_w0%3D&ppt=None&ppn=None&ssid=f0qfh3w58w0000001758312552510&qH=4a82715423d654d6
MUSCLEBLAZE,"40 L Gym Duffel Bag - Hybrid Gym Bag cum Backpack, Duffle Bag - Grey",1099,https://www.flipkart.com/muscleblaze-expandable-hybrid-gym-bag-cum-backpack-duffle-duffel/p/itma2c3b9f9905d2?pid=DFBGZ7T7Z6NVZGA7&lid=LSTDFBGZ7T7Z6NVZGA7NKYYFJ&marketplace=FLIPKART&q=bag&store=search.flipkart.com&srno=s_2_43&otracker=search&otracker1=search&fm=organic&iid=be258725-c33b-411f-a3a0-8c131b9e6947.DFBGZ7T7Z6NVZGA7.SEARCH&ppt=None&ppn=None&ssid=f0qfh3w58w0000001758312552510&qH=4a82715423d654d6
DewDROP,Bean Bag Filler,371,https://www.flipkart.com/dewdrop-bean-bag-filler/p/itmbc53504576da6?pid=BBFHEJVVF3KQCZGZ&lid=LSTBBFHEJVVF3KQCZGZDIBPOP&marketplace=FLIPKART&q=bag&store=search.flipkart.com&srno=s_2_44&otracker=search&otracker1=search&fm=organic&iid=be258725-c33b-411f-a3a0-8c131b9e6947.BBFHEJVVF3KQCZGZ.SEARCH&ppt=None&ppn=None&ssid=f0qfh3w58w0000001758312552510&qH=4a82715423d654d6
PUMA,Medium 22 L Backpack teamGOAL 23 Backpack,549,https://www.flipkart.com/puma-teamgoal-23-backpack-22-l/p/itm8ba77d83f2ce1?pid=BKPHEB7JRKADNPWF&lid=LSTBKPHEB7JRKADNPWFFKW4OE&marketplace=FLIPKART&q=bag&store=search.flipkart.com&srno=s_2_45&otracker=search&otracker1=search&fm=organic&iid=be258725-c33b-411f-a3a0-8c131b9e6947.BKPHEB7JRKADNPWF.SEARCH&ppt=None&ppn=None&ssid=f0qfh3w58w0000001758312552510&qH=4a82715423d654d6
Arctic Fox,Small 15 L Backpack Black Drawstring Bag,219,https://www.flipkart.com/arctic-fox-black-drawstring-bag-15-l-backpack/p/itmc900936430027?pid=BKPFWGJSZU7NWCRH&lid=LSTBKPFWGJSZU7NWCRHURDIP3&marketplace=FLIPKART&q=bag&store=search.flipkart.com&srno=s_2_46&otracker=search&otracker1=search&fm=organic&iid=be258725-c33b-411f-a3a0-8c131b9e6947.BKPFWGJSZU7NWCRH.SEARCH&ppt=None&ppn=None&ssid=f0qfh3w58w0000001758312552510&qH=4a82715423d654d6
NASHER MILES,Large 40 L Laptop Backpack Corporate Black Laptop Backpack,1509,https://www.flipkart.com/nasher-miles-corporate-black-laptop-backpack-40-l/p/itmcbb4d30c323d6?pid=BKPGH7X2FMWUJ9DE&lid=LSTBKPGH7X2FMWUJ9DE18C4CI&marketplace=FLIPKART&q=bag&store=search.flipkart.com&srno=s_2_47&otracker=search&otracker1=search&fm=organic&iid=en_V2v8L70VYSGojLo0tq0Ru7VNKntROg0rDOD2GGDmhenlRW-tG67LBWFEBERY-7QkEyDKfzcjykrAb5oX_o6VSfUFjCTyOHoHZs-Z5_PS_w0%3D&ppt=None&ppn=None&ssid=f0qfh3w58w0000001758312552510&qH=4a82715423d654d6
NASHER MILES,Large 45 L Backpack Men & Women | 3 compartment/Casual/College Bag,909,https://www.flipkart.com/nasher-miles-men-women-3-compartment-casual-college-bag-45-l-backpack/p/itm4fe903cc7f31c?pid=BKPGQP8WFTW6HJA9&lid=LSTBKPGQP8WFTW6HJA9WJTDMP&marketplace=FLIPKART&q=bag&store=search.flipkart.com&srno=s_2_48&otracker=search&otracker1=search&fm=organic&iid=en_V2v8L70VYSGojLo0tq0Ru7VNKntROg0rDOD2GGDmhek20Aef_ZBrc2fJa4wajsiLOgW6y7N1H4LgXQiiBRCXDfUFjCTyOHoHZs-Z5_PS_w0%3D&ppt=None&ppn=None&ssid=f0qfh3w58w0000001758312552510&qH=4a82715423d654d6
ADIDAS,26.41 L Laptop Backpack Power Vii,1629,https://www.flipkart.com/adidas-power-vii-26-41-l-backpack/p/itm5f5bfae65cb96?pid=BKPHBA9DCS6X63ZZ&lid=LSTBKPHBA9DCS6X63ZZPYXAMB&marketplace=FLIPKART&q=bag&store=search.flipkart.com&srno=s_2_49&otracker=search&otracker1=search&fm=organic&iid=be258725-c33b-411f-a3a0-8c131b9e6947.BKPHBA9DCS6X63ZZ.SEARCH&ppt=None&ppn=None&ssid=f0qfh3w58w0000001758312552510&qH=4a82715423d654d6
PUMA,Small 20 L Laptop Backpack Classic Backpacks,1189,https://www.flipkart.com/puma-classic-backpacks-20-l-backpack/p/itmb980a1622db93?pid=BKPHAF7EWRG9YGZZ&lid=LSTBKPHAF7EWRG9YGZZATCKOS&marketplace=FLIPKART&q=bag&store=search.flipkart.com&srno=s_2_50&otracker=search&otracker1=search&fm=organic&iid=be258725-c33b-411f-a3a0-8c131b9e6947.BKPHAF7EWRG9YGZZ.SEARCH&ppt=None&ppn=None&ssid=f0qfh3w58w0000001758312552510&qH=4a82715423d654d6
NASHER MILES,Large 45 L Backpack Pulse for Men & Women|3 compartment/Casual|Rain Cover,919,https://www.flipkart.com/nasher-miles-pulse-men-women-3-compartment-casual-rain-cover-45-l-backpack/p/itmcddc5b852b92b?pid=BKPGQP8XNKHRRJGM&lid=LSTBKPGQP8XNKHRRJGMTLBQ2A&marketplace=FLIPKART&q=bag&store=search.flipkart.com&srno=s_2_51&otracker=search&otracker1=search&fm=organic&iid=en_V2v8L70VYSGojLo0tq0Ru7VNKntROg0rDOD2GGDmheltEDo8EEsNzAE87xG3kAGLdUqPYqsQCl_XDLm3WY0uEPUFjCTyOHoHZs-Z5_PS_w0%3D&ppt=None&ppn=None&ssid=f0qfh3w58w0000001758312552510&qH=4a82715423d654d6
Gear,Medium 25 L Backpack BOMBER ECO STATEMENT 2C,600,https://www.flipkart.com/gear-bomber-eco-statement-2c-25-l-backpack/p/itmd8fce05ae49c7?pid=BKPFVDFYHE8WCF4Q&lid=LSTBKPFVDFYHE8WCF4QZPQW5Q&marketplace=FLIPKART&q=bag&store=search.flipkart.com&srno=s_2_52&otracker=search&otracker1=search&fm=organic&iid=en_V2v8L70VYSGojLo0tq0Ru7VNKntROg0rDOD2GGDmhemynam_Ts67b7N7Ss8Xp4KpRDAIN-FaBbvpxXxj_DRR9fUFjCTyOHoHZs-Z5_PS_w0%3D&ppt=None&ppn=None&ssid=f0qfh3w58w0000001758312552510&qH=4a82715423d654d6
markway,Large 35 L Laptop Backpack Water Resistant(Blue) Waterproof School Bag,302,https://www.flipkart.com/markway-water-resistant-blue-waterproof-school-bag-35-l-backpack/p/itm16b9f9249ead4?pid=BKPH6GTSUZY9RUZE&lid=LSTBKPH6GTSUZY9RUZEJ7SGHY&marketplace=FLIPKART&q=bag&store=search.flipkart.com&srno=s_2_53&otracker=search&otracker1=search&fm=organic&iid=be258725-c33b-411f-a3a0-8c131b9e6947.BKPH6GTSUZY9RUZE.SEARCH&ppt=None&ppn=None&ssid=f0qfh3w58w0000001758312552510&qH=4a82715423d654d6
SBCOLLECTION,Large 35 L Backpack School Bag/College Bag Office Casual Bag Waterproof School Bag,281,https://www.flipkart.com/sbcollection-school-bag-college-bag-office-casual-waterproof-35-l-backpack/p/itm7729123a56f3b?pid=BKPH5QGZBG95XJDY&lid=LSTBKPH5QGZBG95XJDYV0GICR&marketplace=FLIPKART&q=bag&store=search.flipkart.com&srno=s_2_54&otracker=search&otracker1=search&fm=organic&iid=be258725-c33b-411f-a3a0-8c131b9e6947.BKPH5QGZBG95XJDY.SEARCH&ppt=None&ppn=None&ssid=f0qfh3w58w0000001758312552510&qH=4a82715423d654d6
LIZIQI,White Men & Women Sling Bag Trendy Canvas Sling bag minimalist designer sling bags,262,https://www.flipkart.com/liziqi-white-sling-bag-trendy-canvas-minimalist-designer-bags/p/itm86e39869a4ed5?pid=SLBH5HTV5YQZAZPQ&lid=LSTSLBH5HTV5YQZAZPQMGC2NO&marketplace=FLIPKART&q=bag&store=search.flipkart.com&srno=s_2_55&otracker=search&otracker1=search&fm=organic&iid=be258725-c33b-411f-a3a0-8c131b9e6947.SLBH5HTV5YQZAZPQ.SEARCH&ppt=None&ppn=None&ssid=f0qfh3w58w0000001758312552510&qH=4a82715423d654d6
ZipCraze,"Grey, Brown Men & Women Shoulder Bag Stylish Crossbody Sling Bag with USB Charging Port & Secure Locking System",500,https://www.flipkart.com/zipcraze-grey-brown-shoulder-bag-stylish-crossbody-sling-usb-charging-port-secure-locking-system/p/itm6e43346a74d16?pid=SLBHEHJDQC8GGPSH&lid=LSTSLBHEHJDQC8GGPSHWTGTUU&marketplace=FLIPKART&q=bag&store=search.flipkart.com&srno=s_2_56&otracker=search&otracker1=search&fm=organic&iid=be258725-c33b-411f-a3a0-8c131b9e6947.SLBHEHJDQC8GGPSH.SEARCH&ppt=None&ppn=None&ssid=f0qfh3w58w0000001758312552510&qH=4a82715423d654d6
Gear,"Medium 29 L Backpack Sound Break 17"" Boys",549,https://www.flipkart.com/gear-sound-break-17-boys-29-l-backpack/p/itmf1738e0bbd048?pid=BKPHYDF46FZ23PXA&lid=LSTBKPHYDF46FZ23PXANPRWHG&marketplace=FLIPKART&q=bag&store=search.flipkart.com&srno=s_2_57&otracker=search&otracker1=search&fm=organic&iid=en_V2v8L70VYSGojLo0tq0Ru7VNKntROg0rDOD2GGDmhekS3bka0sRDhM8mJXtDU4jb9WfgAyGPIhOzoWZpsMoYovUFjCTyOHoHZs-Z5_PS_w0%3D&ppt=None&ppn=None&ssid=f0qfh3w58w0000001758312552510&qH=4a82715423d654d6
Gear,Large 40 L Backpack FROSTED,439,https://www.flipkart.com/gear-frosted-40-l-backpack/p/itm3eae9c5919311?pid=BKPGQWVUTE5BMK8C&lid=LSTBKPGQWVUTE5BMK8CNOWNIT&marketplace=FLIPKART&q=bag&store=search.flipkart.com&srno=s_2_58&otracker=search&otracker1=search&fm=organic&iid=en_V2v8L70VYSGojLo0tq0Ru7VNKntROg0rDOD2GGDmhelt8aPTO7QpFSLEdBJ6NH_xjJmYuElqAzWPmrotkM_v8_UFjCTyOHoHZs-Z5_PS_w0%3D&ppt=None&ppn=None&ssid=f0qfh3w58w0000001758312552510&qH=4a82715423d654d6
STORITE,Green Men & Women Sling Bag Canvas One Side Shoulder Multi Pocket Sling Bag for Men & Women,466,https://www.flipkart.com/storite-green-sling-bag-canvas-one-side-shoulder-multi-pocket-men-women/p/itm0f655e8f5ef4a?pid=SLBHYFVZNFF7QYPN&lid=LSTSLBHYFVZNFF7QYPNX4OOTA&marketplace=FLIPKART&q=bag&store=search.flipkart.com&srno=s_2_59&otracker=search&otracker1=search&fm=organic&iid=be258725-c33b-411f-a3a0-8c131b9e6947.SLBHYFVZNFF7QYPN.SEARCH&ppt=None&ppn=None&ssid=f0qfh3w58w0000001758312552510&qH=4a82715423d654d6
Nabaat,Black Men Sling Bag Cross body Men's Messenger for Travel / Office / Business,332,https://www.flipkart.com/nabaat-black-sling-bag-cross-body-men-s-messenger-travel-office-business/p/itma54f4bf65b533?pid=SLBGCFG46PJVHB9M&lid=LSTSLBGCFG46PJVHB9MIJIWKW&marketplace=FLIPKART&q=bag&store=search.flipkart.com&srno=s_2_60&otracker=search&otracker1=search&fm=organic&iid=be258725-c33b-411f-a3a0-8c131b9e6947.SLBGCFG46PJVHB9M.SEARCH&ppt=None&ppn=None&ssid=f0qfh3w58w0000001758312552510&qH=4a82715423d654d6
Gear,Small 18 L Backpack Eco 4,439,https://www.flipkart.com/gear-eco-4-18-l-backpack/p/itmf3um3tgh7vyk6?pid=BKPEHZYJTY2N2FUD&lid=LSTBKPEHZYJTY2N2FUDBTMD4X&marketplace=FLIPKART&q=bag&store=search.flipkart.com&srno=s_2_61&otracker=search&otracker1=search&fm=organic&iid=en_V2v8L70VYSGojLo0tq0Ru7VNKntROg0rDOD2GGDmhenbs8bx7TWBPdSb6lMmgbeBdoS6yZzAbyvxNfcRld946vUFjCTyOHoHZs-Z5_PS_w0%3D&ppt=None&ppn=None&ssid=f0qfh3w58w0000001758312552510&qH=4a82715423d654d6
Gear,"Medium 29 L Backpack Sound Break 17"" Boys",549,https://www.flipkart.com/gear-sound-break-17-boys-29-l-backpack/p/itm48dc519779e55?pid=BKPHY52USHKHRV78&lid=LSTBKPHY52USHKHRV78GIOZMK&marketplace=FLIPKART&q=bag&store=search.flipkart.com&srno=s_2_62&otracker=search&otracker1=search&fm=organic&iid=en_V2v8L70VYSGojLo0tq0Ru7VNKntROg0rDOD2GGDmhemEzk41EdSnfOAv1tIkHFZIqfzbn4IzPyT99XSxrMdzG6V8WX5krIChubBlraAu4CQ%3D&ppt=None&ppn=None&ssid=f0qfh3w58w0000001758312552510&qH=4a82715423d654d6
Woons,Blue Men Sling Bag Cross body for Travel / Office / Business,184,https://www.flipkart.com/woons-blue-sling-bag-cross-body-travel-office-business/p/itm04075dea451ab?pid=SLBHFE3ZMU88MSMF&lid=LSTSLBHFE3ZMU88MSMFPEIEPE&marketplace=FLIPKART&q=bag&store=search.flipkart.com&srno=s_2_63&otracker=search&otracker1=search&fm=organic&iid=be258725-c33b-411f-a3a0-8c131b9e6947.SLBHFE3ZMU88MSMF.SEARCH&ppt=None&ppn=None&ssid=f0qfh3w58w0000001758312552510&qH=4a82715423d654d6
KARTCITY,100 L Gym Duffel Bag - Folding Travel Bag Waterproof Large Capacity Foldable Storage Bag Handbag - Purple,272,https://www.flipkart.com/kartcity-expandable-folding-travel-bag-waterproof-large-capacity-foldable-storage-handbag-gym-duffel/p/itm26484026be41d?pid=DFBH2AWKFKXS3QCZ&lid=LSTDFBH2AWKFKXS3QCZAF7XSV&marketplace=FLIPKART&q=bag&store=search.flipkart.com&srno=s_2_64&otracker=search&otracker1=search&fm=organic&iid=be258725-c33b-411f-a3a0-8c131b9e6947.DFBH2AWKFKXS3QCZ.SEARCH&ppt=None&ppn=None&ssid=f0qfh3w58w0000001758312552510&qH=4a82715423d654d6
Rainox,23 L Gym Duffel Bag - Duffel Bag Sports and Travel Bag For Men & Women - Brown,220,https://www.flipkart.com/rainox-duffel-bag-sports-travel-men-women-gym/p/itm5e75f59b4d6fb?pid=DFBGDA3DJK4HMYZV&lid=LSTDFBGDA3DJK4HMYZVXBN8AN&marketplace=FLIPKART&q=bag&store=search.flipkart.com&srno=s_2_65&otracker=search&otracker1=search&fm=organic&iid=be258725-c33b-411f-a3a0-8c131b9e6947.DFBGDA3DJK4HMYZV.SEARCH&ppt=None&ppn=None&ssid=f0qfh3w58w0000001758312552510&qH=4a82715423d654d6
Shub Labh,"Platinum Super Premium Minikit Rice (Full Grain, Parboiled)",800,https://www.flipkart.com/shub-labh-platinum-super-premium-minikit-rice-full-grain-parboiled/p/itm84919b4eb44ac?pid=RICFWCY7YKUANNE7&lid=LSTRICFWCY7YKUANNE7ZHAFKH&marketplace=FLIPKART&q=bag&store=search.flipkart.com&srno=s_2_66&otracker=search&otracker1=search&fm=organic&iid=be258725-c33b-411f-a3a0-8c131b9e6947.RICFWCY7YKUANNE7.SEARCH&ppt=None&ppn=None&ssid=f0qfh3w58w0000001758312552510&qH=4a82715423d654d6
Gear,"Large 33 L Backpack Diva 17"" Girls",439,https://www.flipkart.com/gear-diva-17-girls-33-l-backpack/p/itme6d02a9ef46b4?pid=BKPHY52MVHYWVJMU&lid=LSTBKPHY52MVHYWVJMULUH6TW&marketplace=FLIPKART&q=bag&store=search.flipkart.com&srno=s_2_67&otracker=search&otracker1=search&fm=organic&iid=en_V2v8L70VYSGojLo0tq0Ru7VNKntROg0rDOD2GGDmhekGarYx_nCW_FH3ZupMcPqQPb31XOXyse1iTRulYEfXsA891ypMzu4_aryI8_sihJ8%3D&ppt=None&ppn=None&ssid=f0qfh3w58w0000001758312552510&qH=4a82715423d654d6
Gear,Large 31 L Backpack SPECIAL AGENT BACKPACK,885,https://www.flipkart.com/gear-special-agent-backpack-31-l/p/itme3fb870a235c0?pid=BKPHDUMDKMUYPJS6&lid=LSTBKPHDUMDKMUYPJS6CENJEY&marketplace=FLIPKART&q=bag&store=search.flipkart.com&srno=s_2_68&otracker=search&otracker1=search&fm=organic&iid=en_V2v8L70VYSGojLo0tq0Ru7VNKntROg0rDOD2GGDmhemRtAbaIio_SxgjqHRGR8cP4E-YQCzJckyqHTDhhyIcLRhTy0lUJ14SzoMSv_CzLF0%3D&ppt=None&ppn=None&ssid=f0qfh3w58w0000001758312552510&qH=4a82715423d654d6
STOIC,"Small 16 L Backpack for daily use, Casual Travel Daypack-1 compartment",349,https://www.flipkart.com/stoic-daily-use-casual-travel-daypack-1-compartment-16-l-backpack/p/itmf8df728d53ea8?pid=BKPGWCDHVZ6U9SPF&lid=LSTBKPGWCDHVZ6U9SPFTOE1LN&marketplace=FLIPKART&q=bag&store=search.flipkart.com&srno=s_2_69&otracker=search&otracker1=search&fm=organic&iid=be258725-c33b-411f-a3a0-8c131b9e6947.BKPGWCDHVZ6U9SPF.SEARCH&ppt=None&ppn=None&ssid=f0qfh3w58w0000001758312552510&qH=4a82715423d654d6
Skyberg,Large 60 L Laptop Backpack 60 Litres Curve Water Resistant Rucksack For Hiking Trekking And Travel - Unisex,458,https://www.flipkart.com/skyberg-60-litres-curve-water-resistant-rucksack-hiking-trekking-travel-unisex-l-backpack/p/itm1bb187e5d1af8?pid=BKPH8MTHNYA2NWFC&lid=LSTBKPH8MTHNYA2NWFCRQYDZT&marketplace=FLIPKART&q=bag&store=search.flipkart.com&srno=s_2_70&otracker=search&otracker1=search&fm=organic&iid=be258725-c33b-411f-a3a0-8c131b9e6947.BKPH8MTHNYA2NWFC.SEARCH&ppt=None&ppn=None&ssid=f0qfh3w58w0000001758312552510&qH=4a82715423d654d6
Gear,Medium 26 L Backpack Jacquard Camo,906,https://www.flipkart.com/gear-jacquard-camo-26-l-backpack/p/itm5faf9e50cf7e2?pid=BKPFVHFVCH6ADMJM&lid=LSTBKPFVHFVCH6ADMJMZP2TBP&marketplace=FLIPKART&q=bag&store=search.flipkart.com&srno=s_2_71&otracker=search&otracker1=search&fm=organic&iid=en_V2v8L70VYSGojLo0tq0Ru7VNKntROg0rDOD2GGDmhenmblHvHxOydaxw5YLGZW8AnKCvwLqin-mqe6l71R9LL33Gaq_wzx4HJysDmGalzMk%3D&ppt=None&ppn=None&ssid=f0qfh3w58w0000001758312552510&qH=4a82715423d654d6
Gear,Small 19 L Backpack ECO 4,439,https://www.flipkart.com/gear-eco-4-19-l-backpack/p/itmf3uhzyhaw68ag?pid=BKPETY66VBVCZFSK&lid=LSTBKPETY66VBVCZFSKDIHGUL&marketplace=FLIPKART&q=bag&store=search.flipkart.com&srno=s_2_72&otracker=search&otracker1=search&fm=organic&iid=en_V2v8L70VYSGojLo0tq0Ru7VNKntROg0rDOD2GGDmhekQOW1--oln_75bkgzgzDFYLgy8sIY53fKZz0LHw_qIAuvN4Mn-dv-pi277bRzMbnY%3D&ppt=None&ppn=None&ssid=f0qfh3w58w0000001758312552510&qH=4a82715423d654d6
worng,Large 40 L Laptop Backpack Vegan Casual Backpack for Men,432,https://www.flipkart.com/worng-vegan-casual-backpack-men-40-l/p/itm6a187f775ac3a?pid=BKPHFQAD6S9TJVMA&lid=LSTBKPHFQAD6S9TJVMAJCMRHT&marketplace=FLIPKART&q=bag&store=search.flipkart.com&srno=s_2_73&otracker=search&otracker1=search&fm=organic&iid=be258725-c33b-411f-a3a0-8c131b9e6947.BKPHFQAD6S9TJVMA.SEARCH&ppt=None&ppn=None&ssid=f0qfh3w58w0000001758312552510&qH=4a82715423d654d6
SBCOLLECTION,Large 60 L Backpack UNISEX WaterProof Mountain Rucksack/Hiking/Trekking/Camping Bag/Travel,392,https://www.flipkart.com/sbcollection-unisex-waterproof-mountain-rucksack-hiking-trekking-camping-bag-travel-60-l-backpack/p/itm1c77e654287f3?pid=BKPGYCTYEZDCZZTR&lid=LSTBKPGYCTYEZDCZZTRKSPASD&marketplace=FLIPKART&q=bag&store=search.flipkart.com&srno=s_2_74&otracker=search&otracker1=search&fm=organic&iid=be258725-c33b-411f-a3a0-8c131b9e6947.BKPGYCTYEZDCZZTR.SEARCH&ppt=None&ppn=None&ssid=f0qfh3w58w0000001758312552510&qH=4a82715423d654d6
ARISTOCRAT,Medium 30 L Backpack Polyester Men & Women,489,https://www.flipkart.com/aristocrat-polyester-men-women-30-l-backpack/p/itm3bb8b75ab1315?pid=BKPGJMU7ACYAB5JM&lid=LSTBKPGJMU7ACYAB5JMFYS9FZ&marketplace=FLIPKART&q=bag&store=search.flipkart.com&srno=s_2_75&otracker=search&otracker1=search&fm=organic&iid=be258725-c33b-411f-a3a0-8c131b9e6947.BKPGJMU7ACYAB5JM.SEARCH&ppt=None&ppn=None&ssid=f0qfh3w58w0000001758312552510&qH=4a82715423d654d6
Roadster,Large 33 L Laptop Backpack Large Unisex Casual Travel / College / Office,549,https://www.flipkart.com/roadster-large-unisex-casual-travel-college-office-33-l-backpack/p/itm00fbfbde2f5df?pid=BKPGFN2H83WUZNYB&lid=LSTBKPGFN2H83WUZNYBQAPTZ6&marketplace=FLIPKART&q=bag&store=search.flipkart.com&srno=s_2_76&otracker=search&otracker1=search&fm=organic&iid=be258725-c33b-411f-a3a0-8c131b9e6947.BKPGFN2H83WUZNYB.SEARCH&ppt=None&ppn=None&ssid=f0qfh3w58w0000001758312552510&qH=4a82715423d654d6
Gear,Medium 30 L Backpack FLORAL BACKPACK,494,https://www.flipkart.com/gear-floral-backpack-30-l/p/itm150c26211a734?pid=BKPGPMC5PRBW9M9D&lid=LSTBKPGPMC5PRBW9M9DLITXCQ&marketplace=FLIPKART&q=bag&store=search.flipkart.com&srno=s_2_77&otracker=search&otracker1=search&fm=organic&iid=en_V2v8L70VYSGojLo0tq0Ru7VNKntROg0rDOD2GGDmhemH4GzefRv4blEE-pQLO9tLWaRJ_7CG_dQKxhb_Johfd2aRs4JL222ZRV-dN99QnxU%3D&ppt=None&ppn=None&ssid=f0qfh3w58w0000001758312552510&qH=4a82715423d654d6
NASHER MILES,Large 45 L Backpack Pulse Backpack for Men & Women|3 compartment/Casual|Rain Cover,919,https://www.flipkart.com/nasher-miles-pulse-backpack-men-women-3-compartment-casual-rain-cover-45-l/p/itm3d56197bb3e8b?pid=BKPGQP96G4YBEQCV&lid=LSTBKPGQP96G4YBEQCVWLWVRO&marketplace=FLIPKART&q=bag&store=search.flipkart.com&srno=s_2_78&otracker=search&otracker1=search&fm=organic&iid=en_V2v8L70VYSGojLo0tq0Ru7VNKntROg0rDOD2GGDmhelMMHZ89w-xoQbO006591x5BEc0ruiwwppLvzPyoFUQjInfEY2D5bWfIUmTlXs_oiU%3D&ppt=None&ppn=None&ssid=f0qfh3w58w0000001758312552510&qH=4a82715423d654d6
ASSTYLE,"Blue, Green Men Sling Bag Sling Bag Cross body Men’s Sling Messenger Bag for Travel / Office / Business",237,https://www.flipkart.com/asstyle-blue-green-sling-bag-cross-body-mens-messenger-travel-office-business/p/itm5445e68f73e58?pid=SLBHD78ESGYZZNRN&lid=LSTSLBHD78ESGYZZNRN7STZBN&marketplace=FLIPKART&q=bag&store=search.flipkart.com&srno=s_2_79&otracker=search&otracker1=search&fm=organic&iid=be258725-c33b-411f-a3a0-8c131b9e6947.SLBHD78ESGYZZNRN.SEARCH&ppt=None&ppn=None&ssid=f0qfh3w58w0000001758312552510&qH=4a82715423d654d6
CRALOFT,Grey Men Sling Bag Side For Men / / Crossbody Tablet Messenger Office Travel (S1),373,https://www.flipkart.com/craloft-grey-sling-bag-side-men-crossbody-tablet-messenger-office-travel-s1/p/itmca8d34909c49e?pid=SLBGBX3FQGGHJESQ&lid=LSTSLBGBX3FQGGHJESQFDOQGW&marketplace=FLIPKART&q=bag&store=search.flipkart.com&srno=s_2_80&otracker=search&otracker1=search&fm=organic&iid=be258725-c33b-411f-a3a0-8c131b9e6947.SLBGBX3FQGGHJESQ.SEARCH&ppt=None&ppn=None&ssid=f0qfh3w58w0000001758312552510&qH=4a82715423d654d6
Gear,Large 31 L Backpack SPECIAL AGENT BACKPACK,885,https://www.flipkart.com/gear-special-agent-backpack-31-l/p/itme3fb870a235c0?pid=BKPHDUMDKMUYPJS6&lid=LSTBKPHDUMDKMUYPJS6CENJEY&marketplace=FLIPKART&q=bag&store=search.flipkart.com&srno=s_3_81&otracker=search&otracker1=search&fm=organic&iid=en_Xz5QU6Q8T-fjcCkKngd-YFWenSRqgHgOXfF6cmU5F2ZacziCXskAC8crPmNt9tj0Qet2sVFfDw2HX2Gv7-vwlfUFjCTyOHoHZs-Z5_PS_w0%3D&ppt=None&ppn=None&ssid=ugvzhs6vpc0000001758312559144&qH=4a82715423d654d6
Bluejay,Large 35 L Laptop Backpack Bag for Men Women | Office/College/School,285,https://www.flipkart.com/bluejay-bag-men-women-office-college-school-35-l-backpack/p/itmde0c8ee3f8e2b?pid=BKPGZMJH4ZQGQFHH&lid=LSTBKPGZMJH4ZQGQFHHJWMJ5Y&marketplace=FLIPKART&q=bag&store=search.flipkart.com&srno=s_3_82&otracker=search&otracker1=search&fm=organic&iid=en_Xz5QU6Q8T-fjcCkKngd-YFWenSRqgHgOXfF6cmU5F2ZSnvoquZlfAKlBi0swgaWQXH4xtiZxvklOXZ1j5pf-TQ%3D%3D&ppt=None&ppn=None&ssid=ugvzhs6vpc0000001758312559144&qH=4a82715423d654d6
Lappee,Black Men Shoulder Bag Tourister chest for men women Travel side crossbody Sports sling,299,https://www.flipkart.com/lappee-black-shoulder-bag-tourister-chest-men-women-travel-side-crossbody-sports-sling/p/itme27e9b7166563?pid=SLBGTMPS3WGPUWTP&lid=LSTSLBGTMPS3WGPUWTPJYMAAZ&marketplace=FLIPKART&q=bag&store=search.flipkart.com&srno=s_3_83&otracker=search&otracker1=search&fm=organic&iid=5a120bda-5d6e-4d3c-9b3b-4f1e8cfecacc.SLBGTMPS3WGPUWTP.SEARCH&ppt=None&ppn=None&ssid=ugvzhs6vpc0000001758312559144&qH=4a82715423d654d6
Elevea,120 L Gym Duffel Bag - Folding Travel Bags Waterproof Travel Luggage Bags for Women Large Capacity - Purple,317,https://www.flipkart.com/elevea-expandable-folding-travel-bags-waterproof-luggage-women-large-capacity-gym-duffel-bag/p/itm81f7fa958655e?pid=DFBGQQDZJQHKFZ7X&lid=LSTDFBGQQDZJQHKFZ7XMS1ZT1&marketplace=FLIPKART&q=bag&store=search.flipkart.com&srno=s_3_84&otracker=search&otracker1=search&fm=organic&iid=5a120bda-5d6e-4d3c-9b3b-4f1e8cfecacc.DFBGQQDZJQHKFZ7X.SEARCH&ppt=None&ppn=None&ssid=ugvzhs6vpc0000001758312559144&qH=4a82715423d654d6
Wildcraft,25 L Gym Duffel Bag - Duffle_Tuck Bag Comb - Black,539,https://www.flipkart.com/wildcraft-duffle-tuck-bag-comb-gym-duffel/p/itm56dc5decbec3c?pid=DFBH7PD6QSFZPUHD&lid=LSTDFBH7PD6QSFZPUHDAUUOVV&marketplace=FLIPKART&q=bag&store=search.flipkart.com&srno=s_3_85&otracker=search&otracker1=search&fm=organic&iid=5a120bda-5d6e-4d3c-9b3b-4f1e8cfecacc.DFBH7PD6QSFZPUHD.SEARCH&ppt=None&ppn=None&ssid=ugvzhs6vpc0000001758312559144&qH=4a82715423d654d6
,"Frontech KB-0042 Wired Keyboard | RGB Backlight | 104 Keys Wired USB Standard Gaming Keyboard Compatible with Desktop, Laptop, Mac with gaming mode ,stand support,multimedia_keys",449,https://www.flipkart.com/frontech-kb-0042-wired-keyboard-rgb-backlight-104-keys-usb-standard-gaming-compatible-desktop-laptop-mac-mode-stand-support-multimedia-keys/p/itm9d44588455b56?pid=ACCH2KZB8N2TYFAU&lid=LSTACCH2KZB8N2TYFAU3S6ZZQ&marketplace=FLIPKART&q=bag&store=search.flipkart.com&srno=s_3_86&otracker=search&otracker1=search&fm=organic&iid=5a120bda-5d6e-4d3c-9b3b-4f1e8cfecacc.ACCH2KZB8N2TYFAU.SEARCH&ppt=None&ppn=None&ssid=ugvzhs6vpc0000001758312559144&qH=4a82715423d654d6
NASHER MILES,Large 45 L Backpack Pulse for Men & Women|3 compartment/Casual|Rain Cover,919,https://www.flipkart.com/nasher-miles-pulse-men-women-3-compartment-casual-rain-cover-45-l-backpack/p/itmcddc5b852b92b?pid=BKPGQP8XNKHRRJGM&lid=LSTBKPGQP8XNKHRRJGMTLBQ2A&marketplace=FLIPKART&q=bag&store=search.flipkart.com&srno=s_3_87&otracker=search&otracker1=search&fm=organic&iid=en_Xz5QU6Q8T-fjcCkKngd-YFWenSRqgHgOXfF6cmU5F2Z1T6bwT8VkdV7R9KQmLlw3m9VltjdJQmCUIwtPvwMUj_UFjCTyOHoHZs-Z5_PS_w0%3D&ppt=None&ppn=None&ssid=ugvzhs6vpc0000001758312559144&qH=4a82715423d654d6
Gear,Medium 26 L Backpack Jacquard Camo,906,https://www.flipkart.com/gear-jacquard-camo-26-l-backpack/p/itm5faf9e50cf7e2?pid=BKPFVHFVCH6ADMJM&lid=LSTBKPFVHFVCH6ADMJMZP2TBP&marketplace=FLIPKART&q=bag&store=search.flipkart.com&srno=s_3_88&otracker=search&otracker1=search&fm=organic&iid=en_Xz5QU6Q8T-fjcCkKngd-YFWenSRqgHgOXfF6cmU5F2YTTBnCqxL8x0Sjt4T_LdVMDJnkqb5DuChEXunCiwOUxfUFjCTyOHoHZs-Z5_PS_w0%3D&ppt=None&ppn=None&ssid=ugvzhs6vpc0000001758312559144&qH=4a82715423d654d6
markway,Large 35 L Laptop Backpack Laptop Water Resistant () Waterproof School Bag,301,https://www.flipkart.com/markway-laptop-water-resistant-waterproof-school-bag-35-l-backpack/p/itm794ecbef95dc3?pid=BKPH6GTSN8HRQR5Y&lid=LSTBKPH6GTSN8HRQR5YX7NOL7&marketplace=FLIPKART&q=bag&store=search.flipkart.com&srno=s_3_89&otracker=search&otracker1=search&fm=organic&iid=5a120bda-5d6e-4d3c-9b3b-4f1e8cfecacc.BKPH6GTSN8HRQR5Y.SEARCH&ppt=None&ppn=None&ssid=ugvzhs6vpc0000001758312559144&qH=4a82715423d654d6
Gear,Small 16 L Backpack Blocky 2,274,https://www.flipkart.com/gear-blocky-2-16-l-backpack/p/itmf3uhzfgctquh9?pid=BKPER365Q5WBX3RH&lid=LSTBKPER365Q5WBX3RHN5EK3B&marketplace=FLIPKART&q=bag&store=search.flipkart.com&spotlightTagId=default_TrendingId_reh%2F4d7%2Fak9&srno=s_3_90&otracker=search&otracker1=search&fm=organic&iid=5a120bda-5d6e-4d3c-9b3b-4f1e8cfecacc.BKPER365Q5WBX3RH.SEARCH&ppt=None&ppn=None&ssid=ugvzhs6vpc0000001758312559144&qH=4a82715423d654d6
Catbox,Large 40 L Laptop Backpack Large Laptop Backpack Casual Laptop Backpack for Men Women Boys Girls/Office,426,https://www.flipkart.com/catbox-large-laptop-backpack-casual-men-women-boys-girls-office-40-l/p/itmc44a41fac53d4?pid=BKPH7HYFV6TJ2FEB&lid=LSTBKPH7HYFV6TJ2FEBXT6J7Y&marketplace=FLIPKART&q=bag&store=search.flipkart.com&srno=s_3_91&otracker=search&otracker1=search&fm=organic&iid=en_Xz5QU6Q8T-fjcCkKngd-YFWenSRqgHgOXfF6cmU5F2bG1JVPziwKuQlQ-5VGKa4QBEXJIZjQ82t5npMd6QVxxA%3D%3D&ppt=None&ppn=None&ssid=ugvzhs6vpc0000001758312559144&qH=4a82715423d654d6
PROVOGUE,Medium 25 L Backpack Bags for daily use Backpack,219,https://www.flipkart.com/provogue-bags-daily-use-backpack-25-l/p/itmb4f4298eaa112?pid=BKPGDM579X4MJG7Z&lid=LSTBKPGDM579X4MJG7ZW8QRLI&marketplace=FLIPKART&q=bag&store=search.flipkart.com&srno=s_3_92&otracker=search&otracker1=search&fm=organic&iid=en_Xz5QU6Q8T-fjcCkKngd-YFWenSRqgHgOXfF6cmU5F2ZhHuVr2nwJrvpyKfvTwuQN2Purx3Iv-Tm8IC9jvDXTrQ%3D%3D&ppt=None&ppn=None&ssid=ugvzhs6vpc0000001758312559144&qH=4a82715423d654d6
Skyberg,Large 60 L Laptop Backpack 60 Litres Curve Water Resistant Rucksack For Hiking Trekking And Travel - Unisex,458,https://www.flipkart.com/skyberg-60-litres-curve-water-resistant-rucksack-hiking-trekking-travel-unisex-l-backpack/p/itmf80b06f8a1047?pid=BKPH8MTMAPT5KGMJ&lid=LSTBKPH8MTMAPT5KGMJ4LBAND&marketplace=FLIPKART&q=bag&store=search.flipkart.com&srno=s_3_93&otracker=search&otracker1=search&fm=organic&iid=5a120bda-5d6e-4d3c-9b3b-4f1e8cfecacc.BKPH8MTMAPT5KGMJ.SEARCH&ppt=None&ppn=None&ssid=ugvzhs6vpc0000001758312559144&qH=4a82715423d654d6
worng,Large 35 L Laptop Backpack Linked,387,https://www.flipkart.com/worng-linked-35-l-backpack/p/itm8298273d30f92?pid=BKPH5FFSHVZFWFCT&lid=LSTBKPH5FFSHVZFWFCTEOBTON&marketplace=FLIPKART&q=bag&store=search.flipkart.com&srno=s_3_94&otracker=search&otracker1=search&fm=organic&iid=5a120bda-5d6e-4d3c-9b3b-4f1e8cfecacc.BKPH5FFSHVZFWFCT.SEARCH&ppt=None&ppn=None&ssid=ugvzhs6vpc0000001758312559144&qH=4a82715423d654d6
WROGN,55 L Laptop Backpack Spacy unisex fits upto 16 Inches/college/school bag,599,https://www.flipkart.com/wrogn-spacy-unisex-fits-upto-16-inches-college-school-bag-55-l-backpack/p/itmcef7cb6fb3ff1?pid=BKPGNPGGD9KZC62T&lid=LSTBKPGNPGGD9KZC62T6JJDIW&marketplace=FLIPKART&q=bag&store=search.flipkart.com&srno=s_3_95&otracker=search&otracker1=search&fm=organic&iid=5a120bda-5d6e-4d3c-9b3b-4f1e8cfecacc.BKPGNPGGD9KZC62T.SEARCH&ppt=None&ppn=None&ssid=ugvzhs6vpc0000001758312559144&qH=4a82715423d654d6
Emperor,"Large 34 L Backpack Multi-purpose Bag with USB charging Port Laptop, office, college bag",448,https://www.flipkart.com/emperor-multi-purpose-bag-usb-charging-port-laptop-office-college-34-l-backpack/p/itm7231d791908f5?pid=BKPHCM4VVZZM2FMG&lid=LSTBKPHCM4VVZZM2FMGQ9EPSV&marketplace=FLIPKART&q=bag&store=search.flipkart.com&srno=s_3_96&otracker=search&otracker1=search&fm=organic&iid=5a120bda-5d6e-4d3c-9b3b-4f1e8cfecacc.BKPHCM4VVZZM2FMG.SEARCH&ppt=None&ppn=None&ssid=ugvzhs6vpc0000001758312559144&qH=4a82715423d654d6
ADAAZEL,Large 45 L Laptop Backpack Casual unisex Backpack school college laptop office bag,251,https://www.flipkart.com/adaazel-casual-unisex-backpack-school-college-laptop-office-bag-45-l/p/itm157da5f34b31e?pid=BKPGSJ3ZYJGVGVFP&lid=LSTBKPGSJ3ZYJGVGVFPRFB98S&marketplace=FLIPKART&q=bag&store=search.flipkart.com&srno=s_3_97&otracker=search&otracker1=search&fm=organic&iid=en_Xz5QU6Q8T-fjcCkKngd-YFWenSRqgHgOXfF6cmU5F2a0xznOTl9v7CTDkP6y_wU6L0u3dzTybFrEehevVcwvXg%3D%3D&ppt=None&ppn=None&ssid=ugvzhs6vpc0000001758312559144&qH=4a82715423d654d6
Luzian,Medium 22 L Backpack Casual School Design Tuition College Office Shoulder For Unisex,227,https://www.flipkart.com/luzian-casual-school-design-tuition-college-office-shoulder-unisex-22-l-backpack/p/itmeedb7b2edc7be?pid=BKPGZ8Y6FGZAGP7W&lid=LSTBKPGZ8Y6FGZAGP7WF2SAWO&marketplace=FLIPKART&q=bag&store=search.flipkart.com&srno=s_3_98&otracker=search&otracker1=search&fm=organic&iid=en_Xz5QU6Q8T-fjcCkKngd-YFWenSRqgHgOXfF6cmU5F2a8cCYg5pzDix2SkDP7F7y5pYXRZfeojH5JpF13MIY7GA%3D%3D&ppt=None&ppn=None&ssid=ugvzhs6vpc0000001758312559144&qH=4a82715423d654d6
STORITE,Grey Men Sling Bag Cross body Sling Messenger Bag For Travel,393,https://www.flipkart.com/storite-grey-sling-bag-cross-body-messenger-travel/p/itm2a2ce3dfd0811?pid=SLBGZYFSUQCBHFKF&lid=LSTSLBGZYFSUQCBHFKF6AZJPI&marketplace=FLIPKART&q=bag&store=search.flipkart.com&srno=s_3_99&otracker=search&otracker1=search&fm=organic&iid=5a120bda-5d6e-4d3c-9b3b-4f1e8cfecacc.SLBGZYFSUQCBHFKF.SEARCH&ppt=None&ppn=None&ssid=ugvzhs6vpc0000001758312559144&qH=4a82715423d654d6
ZipCraze,Black Men & Women Shoulder Bag Stylish Crossbody Sling Bag with USB Charging Port & Secure Locking System,500,https://www.flipkart.com/zipcraze-black-shoulder-bag-stylish-crossbody-sling-usb-charging-port-secure-locking-system/p/itm5df9a64db0e95?pid=SLBHEHJDJSQGSA4D&lid=LSTSLBHEHJDJSQGSA4DZPISYT&marketplace=FLIPKART&q=bag&store=search.flipkart.com&srno=s_3_100&otracker=search&otracker1=search&fm=organic&iid=5a120bda-5d6e-4d3c-9b3b-4f1e8cfecacc.SLBHEHJDJSQGSA4D.SEARCH&ppt=None&ppn=None&ssid=ugvzhs6vpc0000001758312559144&qH=4a82715423d654d6
Style look,"Large 90 L Laptop Backpack Trakking bag and hikking ,rucksack travel bag for MEN luggage bag 75L(NBLUE)",399,https://www.flipkart.com/style-look-trakking-bag-hikking-rucksack-travel-men-luggage-75l-nblue-90-l-backpack/p/itm423bb516a5605?pid=BKPHBYZN5PJQEMXW&lid=LSTBKPHBYZN5PJQEMXWBLANNA&marketplace=FLIPKART&q=bag&store=search.flipkart.com&srno=s_3_101&otracker=search&otracker1=search&fm=organic&iid=en_Xz5QU6Q8T-fjcCkKngd-YFWenSRqgHgOXfF6cmU5F2ZLDaz4E5NnELeAnu6L2z1HK0LJDZUxd8DNL7cIHyJJaA%3D%3D&ppt=None&ppn=None&ssid=ugvzhs6vpc0000001758312559144&qH=4a82715423d654d6
Gear,"Large 33 L Backpack Diva 17"" Girls",439,https://www.flipkart.com/gear-diva-17-girls-33-l-backpack/p/itme6d02a9ef46b4?pid=BKPHY52MVHYWVJMU&lid=LSTBKPHY52MVHYWVJMULUH6TW&marketplace=FLIPKART&q=bag&store=search.flipkart.com&srno=s_3_102&otracker=search&otracker1=search&fm=organic&iid=en_Xz5QU6Q8T-fjcCkKngd-YFWenSRqgHgOXfF6cmU5F2aehaE3Yome32RnruZvOTjkPb31XOXyse1iTRulYEfXsKV8WX5krIChubBlraAu4CQ%3D&ppt=None&ppn=None&ssid=ugvzhs6vpc0000001758312559144&qH=4a82715423d654d6
crafty craft,"Black Men Sling Bag Stylish Cross Body for Office, Cash, Business Collection, Travelling",159,https://www.flipkart.com/crafty-craft-black-sling-bag-stylish-cross-body-office-cash-business-collection-travelling/p/itmdab86bac7a93a?pid=SLBGZ9FJTZHDVSNP&lid=LSTSLBGZ9FJTZHDVSNP5967IH&marketplace=FLIPKART&q=bag&store=search.flipkart.com&srno=s_3_103&otracker=search&otracker1=search&fm=organic&iid=5a120bda-5d6e-4d3c-9b3b-4f1e8cfecacc.SLBGZ9FJTZHDVSNP.SEARCH&ppt=None&ppn=None&ssid=ugvzhs6vpc0000001758312559144&qH=4a82715423d654d6
Straplt,"Black Men & Women Messenger Bag 15-16 Inch Sleeve Bag Case for Laptop MacBook Waterproof Laptop Sleeve Bag,Black",218,https://www.flipkart.com/straplt-black-messenger-bag-15-16-inch-sleeve-case-laptop-macbook-waterproof-bag-black/p/itm910dab8b6ece9?pid=SLBGBNYZJRKPQAGG&lid=LSTSLBGBNYZJRKPQAGGROO3LG&marketplace=FLIPKART&q=bag&store=search.flipkart.com&srno=s_3_104&otracker=search&otracker1=search&fm=organic&iid=5a120bda-5d6e-4d3c-9b3b-4f1e8cfecacc.SLBGBNYZJRKPQAGG.SEARCH&ppt=None&ppn=None&ssid=ugvzhs6vpc0000001758312559144&qH=4a82715423d654d6
BEWAKOOF,Black Men & Women Sling Bag Unisex Sling Bag,419,https://www.flipkart.com/bewakoof-black-sling-bag-unisex/p/itm30043aa497180?pid=SLBGVH6C5RDKKZHZ&lid=LSTSLBGVH6C5RDKKZHZ0VVB0N&marketplace=FLIPKART&q=bag&store=search.flipkart.com&srno=s_3_105&otracker=search&otracker1=search&fm=organic&iid=5a120bda-5d6e-4d3c-9b3b-4f1e8cfecacc.SLBGVH6C5RDKKZHZ.SEARCH&ppt=None&ppn=None&ssid=ugvzhs6vpc0000001758312559144&qH=4a82715423d654d6
Wildcraft,25 L Gym Duffel Bag - Gym Duff - Grey,519,https://www.flipkart.com/wildcraft-gym-duff-duffel-bag/p/itmb64b1a41ac1ce?pid=DFBGRFZJRA39GYGY&lid=LSTDFBGRFZJRA39GYGYXIGUBC&marketplace=FLIPKART&q=bag&store=search.flipkart.com&srno=s_3_106&otracker=search&otracker1=search&fm=organic&iid=5a120bda-5d6e-4d3c-9b3b-4f1e8cfecacc.DFBGRFZJRA39GYGY.SEARCH&ppt=None&ppn=None&ssid=ugvzhs6vpc0000001758312559144&qH=4a82715423d654d6
NASHER MILES,Large 40 L Laptop Backpack Corporate Black Laptop Backpack,1509,https://www.flipkart.com/nasher-miles-corporate-black-laptop-backpack-40-l/p/itmcbb4d30c323d6?pid=BKPGH7X2FMWUJ9DE&lid=LSTBKPGH7X2FMWUJ9DE18C4CI&marketplace=FLIPKART&q=bag&store=search.flipkart.com&srno=s_3_107&otracker=search&otracker1=search&fm=organic&iid=en_Xz5QU6Q8T-fjcCkKngd-YFWenSRqgHgOXfF6cmU5F2a-xdTEJ3NTpb2rSfqzRdlmjPRlG61VeGjI6gbwr07_Mw891ypMzu4_aryI8_sihJ8%3D&ppt=None&ppn=None&ssid=ugvzhs6vpc0000001758312559144&qH=4a82715423d654d6
Bluejay,Large 40 L Backpack 40L Casual Laptop Backpack School/College/Office/Travel Bag For Men & Women,285,https://www.flipkart.com/bluejay-40l-casual-laptop-backpack-school-college-office-travel-bag-men-women-40-l/p/itm778ec67506840?pid=BKPGKVBPMK5KNWGE&lid=LSTBKPGKVBPMK5KNWGERRU6TW&marketplace=FLIPKART&q=bag&store=search.flipkart.com&srno=s_3_108&otracker=search&otracker1=search&fm=organic&iid=en_Xz5QU6Q8T-fjcCkKngd-YFWenSRqgHgOXfF6cmU5F2aAwy18gW9gwdYs-hqrwBFQ5KLkdZDoq1V3KA-AH9pv3w%3D%3D&ppt=None&ppn=None&ssid=ugvzhs6vpc0000001758312559144&qH=4a82715423d654d6
MUSCLEBLAZE,40 L Gym Duffel Bag - Hybrid - Black,1099,https://www.flipkart.com/muscleblaze-hybrid-gym-duffel-bag/p/itmd867d6a49f100?pid=DFBGFWAHFHAJSHFU&lid=LSTDFBGFWAHFHAJSHFU4QINBF&marketplace=FLIPKART&q=bag&store=search.flipkart.com&srno=s_3_109&otracker=search&otracker1=search&fm=organic&iid=5a120bda-5d6e-4d3c-9b3b-4f1e8cfecacc.DFBGFWAHFHAJSHFU.SEARCH&ppt=None&ppn=None&ssid=ugvzhs6vpc0000001758312559144&qH=4a82715423d654d6
,"ZEBRONICS Sniper Wired Ambidextrous Optical  Gaming Mouse High Precision Gaming Mouse, 2400DPI, 6 Buttons, RGB Light, Weight Plug & Play",199,https://www.flipkart.com/zebronics-sniper-wired-ambidextrous-optical-gaming-mouse-high-precision-mouse-2400dpi-6-buttons-rgb-light-weight-plug-play/p/itm582d0e5d92aca?pid=ACCHAX22HFHZQHYS&lid=LSTACCHAX22HFHZQHYSEKQEZY&marketplace=FLIPKART&q=bag&store=search.flipkart.com&srno=s_3_110&otracker=search&otracker1=search&fm=organic&iid=5a120bda-5d6e-4d3c-9b3b-4f1e8cfecacc.ACCHAX22HFHZQHYS.SEARCH&ppt=None&ppn=None&ssid=ugvzhs6vpc0000001758312559144&qH=4a82715423d654d6
ezra,Medium 30 L Backpack Sleek and Functional College Bags/Laptop Bags,234,https://www.flipkart.com/ezra-sleek-functional-college-bags-laptop-bags-30-l-backpack/p/itmb20abe8e4fbd2?pid=BKPGSFB6UGZVUDDD&lid=LSTBKPGSFB6UGZVUDDD5XQDCE&marketplace=FLIPKART&q=bag&store=search.flipkart.com&srno=s_3_111&otracker=search&otracker1=search&fm=organic&iid=en_Xz5QU6Q8T-fjcCkKngd-YFWenSRqgHgOXfF6cmU5F2byCCKQivs4oyZoUSDl32DkvM0ualTNDvi7UeY4HJJhnw%3D%3D&ppt=None&ppn=None&ssid=ugvzhs6vpc0000001758312559144&qH=4a82715423d654d6
markway,Large 35 L Laptop Backpack spacy comfortable 4th to 10th class casual college Waterproof School Bag,264,https://www.flipkart.com/markway-spacy-comfortable-4th-10th-class-casual-college-waterproof-school-bag-35-l-backpack/p/itm254945957396d?pid=BKPGPPRDZGR5CTXE&lid=LSTBKPGPPRDZGR5CTXEGEFK3R&marketplace=FLIPKART&q=bag&store=search.flipkart.com&srno=s_3_112&otracker=search&otracker1=search&fm=organic&iid=en_Xz5QU6Q8T-fjcCkKngd-YFWenSRqgHgOXfF6cmU5F2abKyIrKhIG8kua6-XMdrHPgd08UNPspmDLwAJ5xIA0Bg%3D%3D&ppt=None&ppn=None&ssid=ugvzhs6vpc0000001758312559144&qH=4a82715423d654d6
SWISS MILITARY,Medium 30 L Laptop Backpack GHOST X Multi Utility with Headphone Socket,1499,https://www.flipkart.com/swiss-military-ghost-x-multi-utility-headphone-socket-30-l-backpack/p/itmae71cf870166b?pid=BKPH75FZA7ZAMYUY&lid=LSTBKPH75FZA7ZAMYUYEZEFUH&marketplace=FLIPKART&q=bag&store=search.flipkart.com&srno=s_3_113&otracker=search&otracker1=search&fm=organic&iid=5a120bda-5d6e-4d3c-9b3b-4f1e8cfecacc.BKPH75FZA7ZAMYUY.SEARCH&ppt=None&ppn=None&ssid=ugvzhs6vpc0000001758312559144&qH=4a82715423d654d6
FEXMON,"Small 20 L Backpack Boys & Girls Multipurpose Bag for school, colleges office travel",186,https://www.flipkart.com/fexmon-boys-girls-multipurpose-bag-school-colleges-office-travel-20-l-backpack/p/itmf4d59c1e3c806?pid=BKPH44CWYFYUF7P3&lid=LSTBKPH44CWYFYUF7P3V22VTK&marketplace=FLIPKART&q=bag&store=search.flipkart.com&srno=s_3_114&otracker=search&otracker1=search&fm=organic&iid=5a120bda-5d6e-4d3c-9b3b-4f1e8cfecacc.BKPH44CWYFYUF7P3.SEARCH&ppt=None&ppn=None&ssid=ugvzhs6vpc0000001758312559144&qH=4a82715423d654d6
SKYBAGS,21.65 L Backpack BRAT,399,https://www.flipkart.com/skybags-brat-21-65-l-backpack/p/itmbd392863515fa?pid=BKPGF764GWU8NHHZ&lid=LSTBKPGF764GWU8NHHZYLQ8NH&marketplace=FLIPKART&q=bag&store=search.flipkart.com&srno=s_3_115&otracker=search&otracker1=search&fm=organic&iid=5a120bda-5d6e-4d3c-9b3b-4f1e8cfecacc.BKPGF764GWU8NHHZ.SEARCH&ppt=None&ppn=None&ssid=ugvzhs6vpc0000001758312559144&qH=4a82715423d654d6
Flyscape,Medium 25 L Laptop Backpack Terror Stylish-001,296,https://www.flipkart.com/flyscape-terror-stylish-001-25-l-backpack/p/itm15b27058ec4d9?pid=BKPHAZ37GFZGGNJV&lid=LSTBKPHAZ37GFZGGNJVB8XJTJ&marketplace=FLIPKART&q=bag&store=search.flipkart.com&srno=s_3_116&otracker=search&otracker1=search&fm=organic&iid=5a120bda-5d6e-4d3c-9b3b-4f1e8cfecacc.BKPHAZ37GFZGGNJV.SEARCH&ppt=None&ppn=None&ssid=ugvzhs6vpc0000001758312559144&qH=4a82715423d654d6
MONVELLI,Large 45 L Laptop Backpack Smart Tracker,630,https://www.flipkart.com/monvelli-smart-tracker-45-l-backpack/p/itmd37d82ead025c?pid=BKPH6J8CJUKGAAAP&lid=LSTBKPH6J8CJUKGAAAPENWP7A&marketplace=FLIPKART&q=bag&store=search.flipkart.com&srno=s_3_117&otracker=search&otracker1=search&fm=organic&iid=en_Xz5QU6Q8T-fjcCkKngd-YFWenSRqgHgOXfF6cmU5F2agAN8yojPaeVFkxgI6uN3hB5K04E-n_Ha1-q2sLPCpKA%3D%3D&ppt=None&ppn=None&ssid=ugvzhs6vpc0000001758312559144&qH=4a82715423d654d6
NASHER MILES,"Large 45 L Backpack Wave Backpack for Men & Women | 3 compartment/Casual/College Bag | Red, 45L",869,https://www.flipkart.com/nasher-miles-wave-backpack-men-women-3-compartment-casual-college-bag-red-45l-45-l/p/itm631d290c3e367?pid=BKPGQP8WAE8KQNH8&lid=LSTBKPGQP8WAE8KQNH8JBIMNU&marketplace=FLIPKART&q=bag&store=search.flipkart.com&srno=s_3_118&otracker=search&otracker1=search&fm=organic&iid=en_Xz5QU6Q8T-fjcCkKngd-YFWenSRqgHgOXfF6cmU5F2Z53CEdaF-HAA_kqH-BUI8LGlCMqbGBQCcQyTa11tNYx68iqbiwhGf4dwbXVx7ZSks%3D&ppt=None&ppn=None&ssid=ugvzhs6vpc0000001758312559144&qH=4a82715423d654d6
elecrae,Small 20 L Laptop Backpack Light weight back pack for office and school bags,2999,https://www.flipkart.com/elecrae-light-weight-back-pack-office-school-bags-20-l-backpack/p/itm7e6730d4838c0?pid=BKPGUHUBKUBGAC6Y&lid=LSTBKPGUHUBKUBGAC6Y7U4M4N&marketplace=FLIPKART&q=bag&store=search.flipkart.com&srno=s_3_119&otracker=search&otracker1=search&fm=organic&iid=5a120bda-5d6e-4d3c-9b3b-4f1e8cfecacc.BKPGUHUBKUBGAC6Y.SEARCH&ppt=None&ppn=None&ssid=ugvzhs6vpc0000001758312559144&qH=4a82715423d654d6
PROVOGUE,Large 45 L Laptop Backpack Unisex Bag with rain cover Office/School/College/Business,659,https://www.flipkart.com/provogue-unisex-bag-rain-cover-office-school-college-business-45-l-backpack/p/itm3c312fe98c2d8?pid=BKPGHS2VSRNHEGJV&lid=LSTBKPGHS2VSRNHEGJVELDJYV&marketplace=FLIPKART&q=bag&store=search.flipkart.com&srno=s_3_120&otracker=search&otracker1=search&fm=organic&iid=5a120bda-5d6e-4d3c-9b3b-4f1e8cfecacc.BKPGHS2VSRNHEGJV.SEARCH&ppt=None&ppn=None&ssid=ugvzhs6vpc0000001758312559144&qH=4a82715423d654d6
Gear,Large 31 L Backpack SPECIAL AGENT BACKPACK,885,https://www.flipkart.com/gear-special-agent-backpack-31-l/p/itme3fb870a235c0?pid=BKPHDUMDKMUYPJS6&lid=LSTBKPHDUMDKMUYPJS6CENJEY&marketplace=FLIPKART&q=bag&store=search.flipkart.com&srno=s_4_121&otracker=search&otracker1=search&iid=en_074-Tmc8Z5TuBeGl05AhV2KuH_VNDU5puQvYbeoDAYVHEHIiF9a3V4hztDOpSrtmQet2sVFfDw2HX2Gv7-vwlfUFjCTyOHoHZs-Z5_PS_w0%3D&ssid=5zzncqhb1c0000001758312567593&qH=4a82715423d654d6
NASHER MILES,"Large 45 L Backpack Wave Backpack for Men & Women | 3 compartment/Casual/College Bag | Red, 45L",869,https://www.flipkart.com/nasher-miles-wave-backpack-men-women-3-compartment-casual-college-bag-red-45l-45-l/p/itm631d290c3e367?pid=BKPGQP8WAE8KQNH8&lid=LSTBKPGQP8WAE8KQNH8JBIMNU&marketplace=FLIPKART&q=bag&store=search.flipkart.com&srno=s_4_122&otracker=search&otracker1=search&iid=en_074-Tmc8Z5TuBeGl05AhV2KuH_VNDU5puQvYbeoDAYVhuHr26d8_wZ1Vf_s5JksU1MVON_WAYDsHCfeJKKf_evUFjCTyOHoHZs-Z5_PS_w0%3D&ssid=5zzncqhb1c0000001758312567593&qH=4a82715423d654d6
Alison,"Black Men Sling Bag Men Sling Ba,Shoulder bag for men,New stylish bag ,office bag men ,laptop bag",288,https://www.flipkart.com/alison-black-sling-bag-men-ba-shoulder-men-new-stylish-office-laptop/p/itm9749646629243?pid=SLBH9MK6GQG9WX67&lid=LSTSLBH9MK6GQG9WX67RR4HU8&marketplace=FLIPKART&q=bag&store=search.flipkart.com&srno=s_4_123&otracker=search&otracker1=search&iid=f5ee4ad2-6bc7-4ec9-9dc0-a311da1d799c.SLBH9MK6GQG9WX67.SEARCH&ssid=5zzncqhb1c0000001758312567593&qH=4a82715423d654d6
Aster,Blue Men & Women Shoulder Bag Waterproof Polyester Slim Unisex Crossbody Sling Bag Chest Backpack,438,https://www.flipkart.com/aster-blue-shoulder-bag-waterproof-polyester-slim-unisex-crossbody-sling-chest-backpack/p/itmf06554b3595be?pid=SLBHFS9FRFVFPNHR&lid=LSTSLBHFS9FRFVFPNHRUOX3YH&marketplace=FLIPKART&q=bag&store=search.flipkart.com&srno=s_4_124&otracker=search&otracker1=search&iid=f5ee4ad2-6bc7-4ec9-9dc0-a311da1d799c.SLBHFS9FRFVFPNHR.SEARCH&ssid=5zzncqhb1c0000001758312567593&qH=4a82715423d654d6
house of common,Black Men Sling Bag Men Sling Bag side bag for men(S-12*11),402,https://www.flipkart.com/house-common-black-sling-bag-men-side-men-s-12-11/p/itme935af8c2f7da?pid=SLBHFZ6QAMGZNZT3&lid=LSTSLBHFZ6QAMGZNZT360SZO0&marketplace=FLIPKART&q=bag&store=search.flipkart.com&srno=s_4_125&otracker=search&otracker1=search&iid=f5ee4ad2-6bc7-4ec9-9dc0-a311da1d799c.SLBHFZ6QAMGZNZT3.SEARCH&ssid=5zzncqhb1c0000001758312567593&qH=4a82715423d654d6
DEZiRE CRAfTS,Green Men Sling Bag DC Sling Backpacks Messenger Shoulder Crossbody Daypacks for Travel Men Women,287,https://www.flipkart.com/dezire-crafts-green-sling-bag-dc-backpacks-messenger-shoulder-crossbody-daypacks-travel-men-women/p/itm1653cc542fd60?pid=SLBGXWB6UMRKHMVP&lid=LSTSLBGXWB6UMRKHMVPZOBCM9&marketplace=FLIPKART&q=bag&store=search.flipkart.com&srno=s_4_126&otracker=search&otracker1=search&iid=f5ee4ad2-6bc7-4ec9-9dc0-a311da1d799c.SLBGXWB6UMRKHMVP.SEARCH&ssid=5zzncqhb1c0000001758312567593&qH=4a82715423d654d6
Catbox,Large 35 L Laptop Backpack Large 35L backpack men and women backpack for school bag college bag,237,https://www.flipkart.com/catbox-large-35l-backpack-men-women-school-bag-college-35-l/p/itm25643f6bf6287?pid=BKPGVM3FUXZN92BS&lid=LSTBKPGVM3FUXZN92BSLWYYPK&marketplace=FLIPKART&q=bag&store=search.flipkart.com&srno=s_4_127&otracker=search&otracker1=search&iid=en_074-Tmc8Z5TuBeGl05AhV2KuH_VNDU5puQvYbeoDAYXKDEkxpJ_dRBjSOFPQTfhiW5RtFaXYMmHcX6mVuCYJnA%3D%3D&ssid=5zzncqhb1c0000001758312567593&qH=4a82715423d654d6
MONVELLI,Large 45 L Laptop Backpack Smart Tracker,630,https://www.flipkart.com/monvelli-smart-tracker-45-l-backpack/p/itmd37d82ead025c?pid=BKPH6J8CJUKGAAAP&lid=LSTBKPH6J8CJUKGAAAPENWP7A&marketplace=FLIPKART&q=bag&store=search.flipkart.com&srno=s_4_128&otracker=search&otracker1=search&iid=en_074-Tmc8Z5TuBeGl05AhV2KuH_VNDU5puQvYbeoDAYVSwQHMfC7kbmrVvONobtEvXOgFsszS8YNGZGk7-pN47A%3D%3D&ssid=5zzncqhb1c0000001758312567593&qH=4a82715423d654d6
Straplt,Blue Men & Women Messenger Bag Sling Bag Stylish Travel Office Business Bag,234,https://www.flipkart.com/straplt-blue-messenger-bag-sling-stylish-travel-office-business/p/itm9c3b29a2fa847?pid=SLBHYHGY7HWKCFSW&lid=LSTSLBHYHGY7HWKCFSWKEGRKC&marketplace=FLIPKART&q=bag&store=search.flipkart.com&srno=s_4_129&otracker=search&otracker1=search&iid=f5ee4ad2-6bc7-4ec9-9dc0-a311da1d799c.SLBHYHGY7HWKCFSW.SEARCH&ssid=5zzncqhb1c0000001758312567593&qH=4a82715423d654d6
Aleem,8 L Gym Duffel Bag - Unique Stylish Gym Bag For Men/Women - Blue,265,https://www.flipkart.com/aleem-unique-stylish-gym-bag-men-women-duffel/p/itm21cd3bc955b60?pid=DFBHFFBMZHZGHRRA&lid=LSTDFBHFFBMZHZGHRRAKF4EP5&marketplace=FLIPKART&q=bag&store=search.flipkart.com&srno=s_4_130&otracker=search&otracker1=search&iid=f5ee4ad2-6bc7-4ec9-9dc0-a311da1d799c.DFBHFFBMZHZGHRRA.SEARCH&ssid=5zzncqhb1c0000001758312567593&qH=4a82715423d654d6
Gear,Large 40 L Backpack FROSTED,439,https://www.flipkart.com/gear-frosted-40-l-backpack/p/itm3eae9c5919311?pid=BKPGQWVUTE5BMK8C&lid=LSTBKPGQWVUTE5BMK8CNOWNIT&marketplace=FLIPKART&q=bag&store=search.flipkart.com&srno=s_4_131&otracker=search&otracker1=search&iid=en_074-Tmc8Z5TuBeGl05AhV2KuH_VNDU5puQvYbeoDAYW7Xu-dfxh4sRH7DvEkgNYu8kFa4fYRn_RobosMY1dR1PUFjCTyOHoHZs-Z5_PS_w0%3D&ssid=5zzncqhb1c0000001758312567593&qH=4a82715423d654d6
METRONAUT,"Medium 30 L Laptop Backpack Business Compact, Backpack for Daily Use, Library, Office , and outdoor Hiking",283,https://www.flipkart.com/metronaut-business-compact-backpack-daily-use-library-office-outdoor-hiking-30-l/p/itma17342cd0ba79?pid=BKPHEN34PDTGEX9U&lid=LSTBKPHEN34PDTGEX9UMPPL6H&marketplace=FLIPKART&q=bag&store=search.flipkart.com&srno=s_4_132&otracker=search&otracker1=search&iid=en_074-Tmc8Z5TuBeGl05AhV2KuH_VNDU5puQvYbeoDAYWY5fdSgfv-F2cgdtIFTGHZvH-er_9ZZal6HR9aM8vorQ%3D%3D&ssid=5zzncqhb1c0000001758312567593&qH=4a82715423d654d6
Ajile by Pantaloons,20 L Gym Duffel Bag - Ajile Black Duffle Bag - Black,1169,https://www.flipkart.com/ajile-pantaloons-black-duffle-bag-gym-duffel/p/itma51cf8d101197?pid=DFBH6QQHTDGGEBXG&lid=LSTDFBH6QQHTDGGEBXGQZILCK&marketplace=FLIPKART&q=bag&store=search.flipkart.com&srno=s_4_133&otracker=search&otracker1=search&iid=f5ee4ad2-6bc7-4ec9-9dc0-a311da1d799c.DFBH6QQHTDGGEBXG.SEARCH&ssid=5zzncqhb1c0000001758312567593&qH=4a82715423d654d6
,"zebion K500 USB Keyboard Wired USB Standard Multi-device Keyboard Compatible with Desktop, Laptop, Mac Easy to Use,Plug and Play,Quick, Comfy Durable body",279,https://www.flipkart.com/zebion-k500-usb-keyboard-wired-standard-multi-device-compatible-desktop-laptop-mac-easy-use-plug-play-quick-comfy-durable-body/p/itm52add9f6d3109?pid=ACCG9S54RQAJXEMH&lid=LSTACCG9S54RQAJXEMHOJ9TVN&marketplace=FLIPKART&q=bag&store=search.flipkart.com&srno=s_4_134&otracker=search&otracker1=search&iid=f5ee4ad2-6bc7-4ec9-9dc0-a311da1d799c.ACCG9S54RQAJXEMH.SEARCH&ssid=5zzncqhb1c0000001758312567593&qH=4a82715423d654d6
SWISS MILITARY,Medium 30 L Laptop Backpack GHOST X Multi Utility with Headphone Socket,1499,https://www.flipkart.com/swiss-military-ghost-x-multi-utility-headphone-socket-30-l-backpack/p/itmae71cf870166b?pid=BKPH75FZA7ZAMYUY&lid=LSTBKPH75FZA7ZAMYUYEZEFUH&marketplace=FLIPKART&q=bag&store=search.flipkart.com&srno=s_4_135&otracker=search&otracker1=search&iid=f5ee4ad2-6bc7-4ec9-9dc0-a311da1d799c.BKPH75FZA7ZAMYUY.SEARCH&ssid=5zzncqhb1c0000001758312567593&qH=4a82715423d654d6
FEXMON,"Small 20 L Backpack Boys & Girls Multipurpose Bag for school, colleges office travel",186,https://www.flipkart.com/fexmon-boys-girls-multipurpose-bag-school-colleges-office-travel-20-l-backpack/p/itmf4d59c1e3c806?pid=BKPH44CWYFYUF7P3&lid=LSTBKPH44CWYFYUF7P3V22VTK&marketplace=FLIPKART&q=bag&store=search.flipkart.com&srno=s_4_136&otracker=search&otracker1=search&iid=f5ee4ad2-6bc7-4ec9-9dc0-a311da1d799c.BKPH44CWYFYUF7P3.SEARCH&ssid=5zzncqhb1c0000001758312567593&qH=4a82715423d654d6
HINEX BAG,Large 35 L Laptop Backpack men and women for school bag college bag,281,https://www.flipkart.com/hinex-bag-men-women-school-college-35-l-backpack/p/itm981db9a5a7321?pid=BKPGTKNEYNZHWFQA&lid=LSTBKPGTKNEYNZHWFQA74LFLY&marketplace=FLIPKART&q=bag&store=search.flipkart.com&srno=s_4_137&otracker=search&otracker1=search&iid=en_074-Tmc8Z5TuBeGl05AhV2KuH_VNDU5puQvYbeoDAYWbdn5ESYTW9EL0Pz9MWqPDCsaYUmpESJtxWBy9hb7EQg%3D%3D&ssid=5zzncqhb1c0000001758312567593&qH=4a82715423d654d6
Catbox,Large 40 L Laptop Backpack Large Laptop Backpack Casual Laptop Backpack for Men Women Boys Girls/Office,426,https://www.flipkart.com/catbox-large-laptop-backpack-casual-men-women-boys-girls-office-40-l/p/itmc44a41fac53d4?pid=BKPH7HYFV6TJ2FEB&lid=LSTBKPH7HYFV6TJ2FEBXT6J7Y&marketplace=FLIPKART&q=bag&store=search.flipkart.com&srno=s_4_138&otracker=search&otracker1=search&iid=en_074-Tmc8Z5TuBeGl05AhV2KuH_VNDU5puQvYbeoDAYXHV-FSzjOD3WxQ5M5_COIKqc-R7ocjcSfp3p2IxCmHhg%3D%3D&ssid=5zzncqhb1c0000001758312567593&qH=4a82715423d654d6
SKYBAGS,21.65 L Backpack BRAT,399,https://www.flipkart.com/skybags-brat-21-65-l-backpack/p/itmbd392863515fa?pid=BKPGF764GWU8NHHZ&lid=LSTBKPGF764GWU8NHHZYLQ8NH&marketplace=FLIPKART&q=bag&store=search.flipkart.com&srno=s_4_139&otracker=search&otracker1=search&iid=f5ee4ad2-6bc7-4ec9-9dc0-a311da1d799c.BKPGF764GWU8NHHZ.SEARCH&ssid=5zzncqhb1c0000001758312567593&qH=4a82715423d654d6
Wildcraft,Medium 23 L Backpack Stanza,769,https://www.flipkart.com/wildcraft-stanza-23-l-backpack/p/itmf7av5uzeg78g7?pid=BKPF7AV5YMKHYAAN&lid=LSTBKPF7AV5YMKHYAANNNQRKH&marketplace=FLIPKART&q=bag&store=search.flipkart.com&srno=s_4_140&otracker=search&otracker1=search&iid=f5ee4ad2-6bc7-4ec9-9dc0-a311da1d799c.BKPF7AV5YMKHYAAN.SEARCH&ssid=5zzncqhb1c0000001758312567593&qH=4a82715423d654d6
HRX by Hrithik Roshan,Large 41 L Laptop Backpack Casual,949,https://www.flipkart.com/hrx-hrithik-roshan-casual-41-l-backpack/p/itm195333849c3af?pid=BKPH4N5WK7AUQRUG&lid=LSTBKPH4N5WK7AUQRUGOZNX6D&marketplace=FLIPKART&q=bag&store=search.flipkart.com&srno=s_4_141&otracker=search&otracker1=search&iid=en_074-Tmc8Z5TuBeGl05AhV2KuH_VNDU5puQvYbeoDAYWfOhO6vdAI2o4nlOdyl5GpClVg6SqN0HpavFwEb9ftsg%3D%3D&ssid=5zzncqhb1c0000001758312567593&qH=4a82715423d654d6
saracreation,Large 35 L Laptop Backpack XHackerX backpack 2 secret Hidden Pocket,572,https://www.flipkart.com/saracreation-xhackerx-backpack-2-secret-hidden-pocket-35-l/p/itm308b13e8bd28c?pid=BKPHE8WTZNW2QHK3&lid=LSTBKPHE8WTZNW2QHK3RP9L4X&marketplace=FLIPKART&q=bag&store=search.flipkart.com&srno=s_4_142&otracker=search&otracker1=search&iid=en_074-Tmc8Z5TuBeGl05AhV2KuH_VNDU5puQvYbeoDAYVoERM25HpQVEYGcIQpNp7zV50m-UqdwJy3H7a9haJtNw%3D%3D&ssid=5zzncqhb1c0000001758312567593&qH=4a82715423d654d6
Flyscape,Medium 25 L Laptop Backpack Terror Stylish-001,296,https://www.flipkart.com/flyscape-terror-stylish-001-25-l-backpack/p/itm15b27058ec4d9?pid=BKPHAZ37GFZGGNJV&lid=LSTBKPHAZ37GFZGGNJVB8XJTJ&marketplace=FLIPKART&q=bag&store=search.flipkart.com&srno=s_4_143&otracker=search&otracker1=search&iid=f5ee4ad2-6bc7-4ec9-9dc0-a311da1d799c.BKPHAZ37GFZGGNJV.SEARCH&ssid=5zzncqhb1c0000001758312567593&qH=4a82715423d654d6
elecrae,Small 20 L Laptop Backpack Light weight back pack for office and school bags,2999,https://www.flipkart.com/elecrae-light-weight-back-pack-office-school-bags-20-l-backpack/p/itm7e6730d4838c0?pid=BKPGUHUBKUBGAC6Y&lid=LSTBKPGUHUBKUBGAC6Y7U4M4N&marketplace=FLIPKART&q=bag&store=search.flipkart.com&srno=s_4_144&otracker=search&otracker1=search&iid=f5ee4ad2-6bc7-4ec9-9dc0-a311da1d799c.BKPGUHUBKUBGAC6Y.SEARCH&ssid=5zzncqhb1c0000001758312567593&qH=4a82715423d654d6
STORITE,Blue Men & Women Shoulder Bag Smart Crossbody Bag with USB Port & Security Lock – Perfect for Travel,403,https://www.flipkart.com/storite-blue-shoulder-bag-smart-crossbody-usb-port-security-lock-perfect-travel/p/itmaa6e95a9c5672?pid=SLBH9GVH4KD2QFJM&lid=LSTSLBH9GVH4KD2QFJMWNKPFG&marketplace=FLIPKART&q=bag&store=search.flipkart.com&srno=s_4_145&otracker=search&otracker1=search&iid=f5ee4ad2-6bc7-4ec9-9dc0-a311da1d799c.SLBH9GVH4KD2QFJM.SEARCH&ssid=5zzncqhb1c0000001758312567593&qH=4a82715423d654d6
Le Corpus,Grey Men & Women Sling Bag Stylish Trendy Design with Adjustable Straps Crossbody Bag For Travel and Office,228,https://www.flipkart.com/le-corpus-grey-sling-bag-stylish-trendy-design-adjustable-straps-crossbody-travel-office/p/itmcef1349fb54a5?pid=SLBH5GGAHXTBYWAK&lid=LSTSLBH5GGAHXTBYWAKQUI1RK&marketplace=FLIPKART&q=bag&store=search.flipkart.com&srno=s_4_146&otracker=search&otracker1=search&iid=f5ee4ad2-6bc7-4ec9-9dc0-a311da1d799c.SLBH5GGAHXTBYWAK.SEARCH&ssid=5zzncqhb1c0000001758312567593&qH=4a82715423d654d6
Catbox,Large 35 L Backpack Medium 35 L Laptop Backpack Casual Backpack for Men Women Boys Girls/Office,288,https://www.flipkart.com/catbox-medium-35-l-laptop-backpack-casual-men-women-boys-girls-office/p/itm758866e872715?pid=BKPH39GRYUVXBEMT&lid=LSTBKPH39GRYUVXBEMTO6VME0&marketplace=FLIPKART&q=bag&store=search.flipkart.com&srno=s_4_147&otracker=search&otracker1=search&iid=en_074-Tmc8Z5TuBeGl05AhV2KuH_VNDU5puQvYbeoDAYVytjEpUymSA0q32ZWiw46NgnSGwIgEuTOBmhDu0oIW4w%3D%3D&ssid=5zzncqhb1c0000001758312567593&qH=4a82715423d654d6
The SmartAnany,Large 35 L Laptop Backpack the specious gangs bag,467,https://www.flipkart.com/smartanany-specious-gangs-bag-35-l-backpack/p/itmf029526b805f7?pid=BKPH7RPPYYTGHNFF&lid=LSTBKPH7RPPYYTGHNFFXQEPRD&marketplace=FLIPKART&q=bag&store=search.flipkart.com&srno=s_4_148&otracker=search&otracker1=search&iid=en_074-Tmc8Z5TuBeGl05AhV2KuH_VNDU5puQvYbeoDAYXpMhkQEzfCaK2WshI5Mi-gLqJYSAjKaomfc0a7SS3mSA%3D%3D&ssid=5zzncqhb1c0000001758312567593&qH=4a82715423d654d6
DEZiRE CRAfTS,Blue Men Sling Bag Stylish Shoulder Messenger Bag Waterproof for Men and Women,313,https://www.flipkart.com/dezire-crafts-blue-sling-bag-stylish-shoulder-messenger-waterproof-men-women/p/itm030b865a752c5?pid=SLBGAK88VSTFSK3D&lid=LSTSLBGAK88VSTFSK3DVHLZKG&marketplace=FLIPKART&q=bag&store=search.flipkart.com&srno=s_4_149&otracker=search&otracker1=search&iid=f5ee4ad2-6bc7-4ec9-9dc0-a311da1d799c.SLBGAK88VSTFSK3D.SEARCH&ssid=5zzncqhb1c0000001758312567593&qH=4a82715423d654d6
Veneer,Grey Men Sling Bag Casual Stylish Padded PU Crossbody Travel Office Business Sling Bag for Men,691,https://www.flipkart.com/veneer-grey-sling-bag-casual-stylish-padded-pu-crossbody-travel-office-business-men/p/itm328d61d35784f?pid=SLBGCG6XBCUGGWNG&lid=LSTSLBGCG6XBCUGGWNG9BAVBI&marketplace=FLIPKART&q=bag&store=search.flipkart.com&srno=s_4_150&otracker=search&otracker1=search&iid=f5ee4ad2-6bc7-4ec9-9dc0-a311da1d799c.SLBGCG6XBCUGGWNG.SEARCH&ssid=5zzncqhb1c0000001758312567593&qH=4a82715423d654d6
ADAAZEL,Large 45 L Laptop Backpack Casual unisex Backpack school college laptop office bag,251,https://www.flipkart.com/adaazel-casual-unisex-backpack-school-college-laptop-office-bag-45-l/p/itm157da5f34b31e?pid=BKPGSJ3ZYJGVGVFP&lid=LSTBKPGSJ3ZYJGVGVFPRFB98S&marketplace=FLIPKART&q=bag&store=search.flipkart.com&srno=s_4_151&otracker=search&otracker1=search&iid=en_074-Tmc8Z5TuBeGl05AhV2KuH_VNDU5puQvYbeoDAYUTsZnbu7_DSCg6kfQ_w_YbBSj38HZzAS6k7hvhvpmXQg%3D%3D&ssid=5zzncqhb1c0000001758312567593&qH=4a82715423d654d6
A1FOXYLEATHER,Medium 30 L Laptop Backpack Fashionable Casual Backpack,498,https://www.flipkart.com/a1foxyleather-fashionable-casual-backpack-30-l/p/itm098af3faaccac?pid=BKPHDMJHGVQ27UBX&lid=LSTBKPHDMJHGVQ27UBX60TSU0&marketplace=FLIPKART&q=bag&store=search.flipkart.com&srno=s_4_152&otracker=search&otracker1=search&iid=en_074-Tmc8Z5TuBeGl05AhV2KuH_VNDU5puQvYbeoDAYV-PpLc_t4HHjkRvDXIYcVHFh05yv08kiL-_Ml52DQNgA%3D%3D&ssid=5zzncqhb1c0000001758312567593&qH=4a82715423d654d6
Bagzenia,Brown Men & Women Sling Bag Sling Bag Stylish Cross Body Sling bag for Office Travelling,270,https://www.flipkart.com/bagzenia-brown-sling-bag-stylish-cross-body-office-travelling/p/itm5470465d80194?pid=SLBH7TYUBNBJCGPG&lid=LSTSLBH7TYUBNBJCGPGYGOCJB&marketplace=FLIPKART&q=bag&store=search.flipkart.com&srno=s_4_153&otracker=search&otracker1=search&iid=f5ee4ad2-6bc7-4ec9-9dc0-a311da1d799c.SLBH7TYUBNBJCGPG.SEARCH&ssid=5zzncqhb1c0000001758312567593&qH=4a82715423d654d6
JairaJ,25 L Gym Duffel Bag - Sports Gym Bag Travel Duffel Bag(S-18*11) - Orange,426,https://www.flipkart.com/jairaj-expandable-sports-gym-bag-travel-duffel-bag-s-18-11/p/itm04f5ffe6acfde?pid=DFBHFRMUPEVQHCRB&lid=LSTDFBHFRMUPEVQHCRBZASGUV&marketplace=FLIPKART&q=bag&store=search.flipkart.com&srno=s_4_154&otracker=search&otracker1=search&iid=f5ee4ad2-6bc7-4ec9-9dc0-a311da1d799c.DFBHFRMUPEVQHCRB.SEARCH&ssid=5zzncqhb1c0000001758312567593&qH=4a82715423d654d6
house of common,25 L Gym Duffel Bag - Sports Gym Bag Travel Duffel Bag(S-18*1 1) - Orange,426,https://www.flipkart.com/house-common-expandable-sports-gym-bag-travel-duffel-bag-s-18-1-1/p/itm15a515997d633?pid=DFBHFRMTM3FGHHVF&lid=LSTDFBHFRMTM3FGHHVFMYNEO7&marketplace=FLIPKART&q=bag&store=search.flipkart.com&srno=s_4_155&otracker=search&otracker1=search&iid=f5ee4ad2-6bc7-4ec9-9dc0-a311da1d799c.DFBHFRMTM3FGHHVF.SEARCH&ssid=5zzncqhb1c0000001758312567593&qH=4a82715423d654d6
Fastrack,Black Women Satchel Black Satchel Bag For Women,918,https://www.flipkart.com/fastrack-black-satchel-bag-women/p/itmba34013192e8b?pid=SLBGXY2FHZP7KZW2&lid=LSTSLBGXY2FHZP7KZW25Z6WK3&marketplace=FLIPKART&q=bag&store=search.flipkart.com&srno=s_4_156&otracker=search&otracker1=search&iid=f5ee4ad2-6bc7-4ec9-9dc0-a311da1d799c.SLBGXY2FHZP7KZW2.SEARCH&ssid=5zzncqhb1c0000001758312567593&qH=4a82715423d654d6
Flamebird,Medium 24 L Laptop Backpack Backpack Black School Backpack for girls Cute Bookbag for School Teens (Black),498,https://www.flipkart.com/flamebird-backpack-black-school-girls-cute-bookbag-teens-black-24-l/p/itm6102d186a01a8?pid=BKPHATP6DFGZNTJD&lid=LSTBKPHATP6DFGZNTJDRAESDI&marketplace=FLIPKART&q=bag&store=search.flipkart.com&srno=s_4_157&otracker=search&otracker1=search&iid=en_074-Tmc8Z5TuBeGl05AhV2KuH_VNDU5puQvYbeoDAYXKX8-zfC0vNbgLrqGya57SGD1Au1icwksZzpsp5ZAl_Q%3D%3D&ssid=5zzncqhb1c0000001758312567593&qH=4a82715423d654d6
NuMe,55 L Backpack Heavy Duty Unisex School Backpack | Durable & Water-Resistant Bag,466,https://www.flipkart.com/nume-heavy-duty-unisex-school-backpack-durable-water-resistant-bag-55-l/p/itm1aa075bb4a38b?pid=BKPHBQVVVNMCSZGZ&lid=LSTBKPHBQVVVNMCSZGZCC7SNP&marketplace=FLIPKART&q=bag&store=search.flipkart.com&srno=s_4_158&otracker=search&otracker1=search&iid=en_074-Tmc8Z5TuBeGl05AhV2KuH_VNDU5puQvYbeoDAYW69J4JJlYpaRgNYWDC3qs09CxU64sYNm3Frh8jOMbx7w%3D%3D&ssid=5zzncqhb1c0000001758312567593&qH=4a82715423d654d6
,"Elista ELS WK-710 Wired USB Standard Multi-device Keyboard Compatible with Desktop, Laptop, Mac stand support",250,https://www.flipkart.com/elista-els-wk-710-wired-usb-standard-multi-device-keyboard-compatible-desktop-laptop-mac-stand-support/p/itm472099b874d29?pid=ACCGHGGME4ZQB9UT&lid=LSTACCGHGGME4ZQB9UTI0CC5F&marketplace=FLIPKART&q=bag&store=search.flipkart.com&srno=s_4_159&otracker=search&otracker1=search&iid=f5ee4ad2-6bc7-4ec9-9dc0-a311da1d799c.ACCGHGGME4ZQB9UT.SEARCH&ssid=5zzncqhb1c0000001758312567593&qH=4a82715423d654d6
METRONAUT,Large 32 L Laptop Backpack Unisex Backpack,368,https://www.flipkart.com/metronaut-unisex-backpack-32-l/p/itm49188b48ff118?pid=BKPH9K3UJZKHHDUB&lid=LSTBKPH9K3UJZKHHDUBE2ZSBL&marketplace=FLIPKART&q=bag&store=search.flipkart.com&srno=s_4_160&otracker=search&otracker1=search&iid=f5ee4ad2-6bc7-4ec9-9dc0-a311da1d799c.BKPH9K3UJZKHHDUB.SEARCH&ssid=5zzncqhb1c0000001758312567593&qH=4a82715423d654d6
NASHER MILES,"Large 45 L Backpack Wave Backpack for Men & Women | 3 compartment/Casual/College Bag|Navy Blue, 45L",919,https://www.flipkart.com/nasher-miles-wave-backpack-men-women-3-compartment-casual-college-bag-navy-blue-45l-45-l/p/itm1d6a954e28adb?pid=BKPGQP8W4NW25HXY&lid=LSTBKPGQP8W4NW25HXYJZWYLS&marketplace=FLIPKART&q=bag&store=search.flipkart.com&srno=s_5_161&otracker=search&otracker1=search&iid=en_Hrf7Dc0__RpjzS8RStVB4-37g597ua5hwLJ_SdtsMxJsmz2gAgzT8-OkvktBbr9ngVEAoqzy-FeTmKbXOQXag_UFjCTyOHoHZs-Z5_PS_w0%3D&ssid=deuxjavplc0000001758312583281&qH=4a82715423d654d6
NASHER MILES,Large 45 L Backpack Men & Women | 3 compartment/Casual/College Bag,909,https://www.flipkart.com/nasher-miles-men-women-3-compartment-casual-college-bag-45-l-backpack/p/itm4fe903cc7f31c?pid=BKPGQP8WFTW6HJA9&lid=LSTBKPGQP8WFTW6HJA9WJTDMP&marketplace=FLIPKART&q=bag&store=search.flipkart.com&srno=s_5_162&otracker=search&otracker1=search&iid=en_Hrf7Dc0__RpjzS8RStVB4-37g597ua5hwLJ_SdtsMxKr2uUH4Z2SLu525tqnQ4U-BD7RTs_jqGBM-Tmhmc7e-fUFjCTyOHoHZs-Z5_PS_w0%3D&ssid=deuxjavplc0000001758312583281&qH=4a82715423d654d6
Straplt,Grey Men & Women Messenger Bag 15-16 Inch Laptop Sleeve For Laptop Waterproof Bag with Handle,218,https://www.flipkart.com/straplt-grey-messenger-bag-15-16-inch-laptop-sleeve-waterproof-handle/p/itmefa5311ebed7f?pid=SLBGBTQMCH6YPSYZ&lid=LSTSLBGBTQMCH6YPSYZELRZS5&marketplace=FLIPKART&q=bag&store=search.flipkart.com&srno=s_5_163&otracker=search&otracker1=search&iid=74173bcf-09e9-446a-96e6-08950a16612e.SLBGBTQMCH6YPSYZ.SEARCH&ssid=deuxjavplc0000001758312583281&qH=4a82715423d654d6
Swanky,Brown Men & Women Sling Bag Cross-Body Sling Kit Messenger Bag |Side Bag|Extra Spacious Men Women Travel,249,https://www.flipkart.com/swanky-brown-sling-bag-cross-body-kit-messenger-side-bag-extra-spacious-men-women-travel/p/itm0679ab44c66d4?pid=SLBGABDHFFJBZFF3&lid=LSTSLBGABDHFFJBZFF3KVMZ7K&marketplace=FLIPKART&q=bag&store=search.flipkart.com&srno=s_5_164&otracker=search&otracker1=search&iid=74173bcf-09e9-446a-96e6-08950a16612e.SLBGABDHFFJBZFF3.SEARCH&ssid=deuxjavplc0000001758312583281&qH=4a82715423d654d6
zurbaa,Tan Men & Women Sling Bag - Mini Men & Women Casual Sling Bag,340,https://www.flipkart.com/zurbaa-tan-sling-bag-men-women-casual/p/itm7a1fd5fa35d05?pid=SLBG73EKGMRZFBFG&lid=LSTSLBG73EKGMRZFBFGQIGJP4&marketplace=FLIPKART&q=bag&store=search.flipkart.com&srno=s_5_165&otracker=search&otracker1=search&iid=74173bcf-09e9-446a-96e6-08950a16612e.SLBG73EKGMRZFBFG.SEARCH&ssid=deuxjavplc0000001758312583281&qH=4a82715423d654d6
SJ Enterprises,Black Men Sling Bag Cross body Men's Messenger for Travel / Office / Business / Cash,215,https://www.flipkart.com/sj-enterprises-black-sling-bag-cross-body-men-s-messenger-travel-office-business-cash/p/itm89fb0e131cda2?pid=SLBH9PUFH37AQGSD&lid=LSTSLBH9PUFH37AQGSD9W5TRQ&marketplace=FLIPKART&q=bag&store=search.flipkart.com&srno=s_5_166&otracker=search&otracker1=search&iid=74173bcf-09e9-446a-96e6-08950a16612e.SLBH9PUFH37AQGSD.SEARCH&ssid=deuxjavplc0000001758312583281&qH=4a82715423d654d6
NASHER MILES,Large 40 L Laptop Backpack Corporate Black Laptop Backpack,1509,https://www.flipkart.com/nasher-miles-corporate-black-laptop-backpack-40-l/p/itmcbb4d30c323d6?pid=BKPGH7X2FMWUJ9DE&lid=LSTBKPGH7X2FMWUJ9DE18C4CI&marketplace=FLIPKART&q=bag&store=search.flipkart.com&srno=s_5_167&otracker=search&otracker1=search&iid=en_Hrf7Dc0__RpjzS8RStVB4-37g597ua5hwLJ_SdtsMxL-V-40iI_rlnIy-OeGAfeQEyDKfzcjykrAb5oX_o6VSfUFjCTyOHoHZs-Z5_PS_w0%3D&ssid=deuxjavplc0000001758312583281&qH=4a82715423d654d6
NASHER MILES,Large 45 L Backpack Pulse for Men & Women|3 compartment/Casual|Rain Cover,919,https://www.flipkart.com/nasher-miles-pulse-men-women-3-compartment-casual-rain-cover-45-l-backpack/p/itmcddc5b852b92b?pid=BKPGQP8XNKHRRJGM&lid=LSTBKPGQP8XNKHRRJGMTLBQ2A&marketplace=FLIPKART&q=bag&store=search.flipkart.com&srno=s_5_168&otracker=search&otracker1=search&iid=en_Hrf7Dc0__RpjzS8RStVB4-37g597ua5hwLJ_SdtsMxLLcHbPzpZfEEmGXTzYmwsxHXK7ASNQwbVKAQsHnsTuSfUFjCTyOHoHZs-Z5_PS_w0%3D&ssid=deuxjavplc0000001758312583281&qH=4a82715423d654d6
BEWAKOOF,Beige Men & Women Sling Bag Unisex Beige Area 51 Printed Sling Bag,369,https://www.flipkart.com/bewakoof-beige-sling-bag-unisex-area-51-printed/p/itmfc6fe8c1f2574?pid=SLBGXP7AJYQ3ZMZ3&lid=LSTSLBGXP7AJYQ3ZMZ3BVSQ8O&marketplace=FLIPKART&q=bag&store=search.flipkart.com&srno=s_5_169&otracker=search&otracker1=search&iid=74173bcf-09e9-446a-96e6-08950a16612e.SLBGXP7AJYQ3ZMZ3.SEARCH&ssid=deuxjavplc0000001758312583281&qH=4a82715423d654d6
SAFARI,31 L Gym Duffel Bag - Slate - Blue,849,https://www.flipkart.com/safari-slate-gym-duffel-bag/p/itmee5b974fe8b20?pid=DFBHDFNQGCYYMDHR&lid=LSTDFBHDFNQGCYYMDHRN0NG5L&marketplace=FLIPKART&q=bag&store=search.flipkart.com&srno=s_5_170&otracker=search&otracker1=search&iid=74173bcf-09e9-446a-96e6-08950a16612e.DFBHDFNQGCYYMDHR.SEARCH&ssid=deuxjavplc0000001758312583281&qH=4a82715423d654d6
NASHER MILES,"Large 45 L Backpack Wave Backpack for Men & Women | 3 compartment/Casual/College Bag | Red, 45L",869,https://www.flipkart.com/nasher-miles-wave-backpack-men-women-3-compartment-casual-college-bag-red-45l-45-l/p/itm631d290c3e367?pid=BKPGQP8WAE8KQNH8&lid=LSTBKPGQP8WAE8KQNH8JBIMNU&marketplace=FLIPKART&q=bag&store=search.flipkart.com&srno=s_5_171&otracker=search&otracker1=search&iid=en_Hrf7Dc0__RpjzS8RStVB4-37g597ua5hwLJ_SdtsMxIO9IbtOEQzDlClz8bmLJNSfprj86Kg9EnTLImehsFb5_UFjCTyOHoHZs-Z5_PS_w0%3D&ssid=deuxjavplc0000001758312583281&qH=4a82715423d654d6
Gear,Small 19 L Backpack ECO 4,439,https://www.flipkart.com/gear-eco-4-19-l-backpack/p/itmf3uhzyhaw68ag?pid=BKPETY66VBVCZFSK&lid=LSTBKPETY66VBVCZFSKDIHGUL&marketplace=FLIPKART&q=bag&store=search.flipkart.com&srno=s_5_172&otracker=search&otracker1=search&iid=en_Hrf7Dc0__RpjzS8RStVB4-37g597ua5hwLJ_SdtsMxLEe6mNNiqOwE0FQUeEQMGX79aiL31g7gkZYO6Rnvp2pvUFjCTyOHoHZs-Z5_PS_w0%3D&ssid=deuxjavplc0000001758312583281&qH=4a82715423d654d6
SNDIA,"28 L Gym Duffel Bag - Travel Duffel Bag Shoulder Handbag Travel Backpack - Pink, Grey",726,https://www.flipkart.com/sndia-travel-duffel-bag-shoulder-handbag-backpack-gym/p/itm17d3743b0294d?pid=DFBGY93ETFAFRCUF&lid=LSTDFBGY93ETFAFRCUF2TBYRQ&marketplace=FLIPKART&q=bag&store=search.flipkart.com&srno=s_5_173&otracker=search&otracker1=search&iid=74173bcf-09e9-446a-96e6-08950a16612e.DFBGY93ETFAFRCUF.SEARCH&ssid=deuxjavplc0000001758312583281&qH=4a82715423d654d6
FORTUNE,MINIKIT RICE Minikit Rice,800,https://www.flipkart.com/fortune-minikit-rice/p/itm41ba16a0e6dac?pid=RICGHSHDUJRQUT6B&lid=LSTRICGHSHDUJRQUT6BDTA8VU&marketplace=FLIPKART&q=bag&store=search.flipkart.com&srno=s_5_174&otracker=search&otracker1=search&iid=74173bcf-09e9-446a-96e6-08950a16612e.RICGHSHDUJRQUT6B.SEARCH&ssid=deuxjavplc0000001758312583281&qH=4a82715423d654d6
CROWN,Large 35 L Backpack Medium 35 L For College Travel Office For Men & Women,276,https://www.flipkart.com/crown-medium-35-l-college-travel-office-men-women-backpack/p/itmf2b349ba379c1?pid=BKPHC3EQUUMNGMYD&lid=LSTBKPHC3EQUUMNGMYDME2E34&marketplace=FLIPKART&q=bag&store=search.flipkart.com&srno=s_5_175&otracker=search&otracker1=search&iid=74173bcf-09e9-446a-96e6-08950a16612e.BKPHC3EQUUMNGMYD.SEARCH&ssid=deuxjavplc0000001758312583281&qH=4a82715423d654d6
WROGN,"Large 35 L Backpack Durable Water-Resistant Laptop Bag Ideal for College, Office, and Daily Commute",499,https://www.flipkart.com/wrogn-durable-water-resistant-laptop-bag-ideal-college-office-daily-commute-35-l-backpack/p/itmb1b6069b1afe3?pid=BKPHF4F9HE8JHNHZ&lid=LSTBKPHF4F9HE8JHNHZ1B7EWT&marketplace=FLIPKART&q=bag&store=search.flipkart.com&srno=s_5_176&otracker=search&otracker1=search&iid=74173bcf-09e9-446a-96e6-08950a16612e.BKPHF4F9HE8JHNHZ.SEARCH&ssid=deuxjavplc0000001758312583281&qH=4a82715423d654d6
Gear,"Medium 29 L Backpack Sound Break 17"" Boys",549,https://www.flipkart.com/gear-sound-break-17-boys-29-l-backpack/p/itm48dc519779e55?pid=BKPHY52USHKHRV78&lid=LSTBKPHY52USHKHRV78GIOZMK&marketplace=FLIPKART&q=bag&store=search.flipkart.com&srno=s_5_177&otracker=search&otracker1=search&iid=en_Hrf7Dc0__RpjzS8RStVB4-37g597ua5hwLJ_SdtsMxL5UrzsgIGy7DNqv9SugVqs1lYNowkL-RmIZkA2xLF0mvUFjCTyOHoHZs-Z5_PS_w0%3D&ssid=deuxjavplc0000001758312583281&qH=4a82715423d654d6
Gear,Medium 30 L Backpack FLORAL BACKPACK,494,https://www.flipkart.com/gear-floral-backpack-30-l/p/itm150c26211a734?pid=BKPGPMC5PRBW9M9D&lid=LSTBKPGPMC5PRBW9M9DLITXCQ&marketplace=FLIPKART&q=bag&store=search.flipkart.com&srno=s_5_178&otracker=search&otracker1=search&iid=en_Hrf7Dc0__RpjzS8RStVB4-37g597ua5hwLJ_SdtsMxLZXgI6e_bJBFV5XLU38Zdu9jzGDIlQuqoKCiobpE-18PUFjCTyOHoHZs-Z5_PS_w0%3D&ssid=deuxjavplc0000001758312583281&qH=4a82715423d654d6
ADIDAS,27.39 L Laptop Backpack Clsc Bars 3S,1069,https://www.flipkart.com/adidas-clsc-bars-3s-27-39-l-backpack/p/itmcae58c32cae85?pid=BKPHBA9DZEEUTMPG&lid=LSTBKPHBA9DZEEUTMPG1KBDCK&marketplace=FLIPKART&q=bag&store=search.flipkart.com&srno=s_5_179&otracker=search&otracker1=search&iid=74173bcf-09e9-446a-96e6-08950a16612e.BKPHBA9DZEEUTMPG.SEARCH&ssid=deuxjavplc0000001758312583281&qH=4a82715423d654d6
ARISTOCRAT,Medium 27 L Backpack Polyester 27L Alps Navy Blue For Men & Women,369,https://www.flipkart.com/aristocrat-polyester-27l-alps-navy-blue-men-women-27-l-backpack/p/itm5990f324d02dd?pid=BKPGJMU7VUUCZYKF&lid=LSTBKPGJMU7VUUCZYKFYQWGBQ&marketplace=FLIPKART&q=bag&store=search.flipkart.com&srno=s_5_180&otracker=search&otracker1=search&iid=74173bcf-09e9-446a-96e6-08950a16612e.BKPGJMU7VUUCZYKF.SEARCH&ssid=deuxjavplc0000001758312583281&qH=4a82715423d654d6
Gear,Large 40 L Backpack FROSTED,439,https://www.flipkart.com/gear-frosted-40-l-backpack/p/itm3eae9c5919311?pid=BKPGQWVUTE5BMK8C&lid=LSTBKPGQWVUTE5BMK8CNOWNIT&marketplace=FLIPKART&q=bag&store=search.flipkart.com&srno=s_5_181&otracker=search&otracker1=search&iid=en_Hrf7Dc0__RpjzS8RStVB4-37g597ua5hwLJ_SdtsMxIOG3Hddqds-NvawWqd2SwSWO4p4C0oWPDa5uR3iucJ8vUFjCTyOHoHZs-Z5_PS_w0%3D&ssid=deuxjavplc0000001758312583281&qH=4a82715423d654d6
Gear,"Large 33 L Backpack Diva 17"" Girls",439,https://www.flipkart.com/gear-diva-17-girls-33-l-backpack/p/itme6d02a9ef46b4?pid=BKPHY52MVHYWVJMU&lid=LSTBKPHY52MVHYWVJMULUH6TW&marketplace=FLIPKART&q=bag&store=search.flipkart.com&srno=s_5_182&otracker=search&otracker1=search&iid=en_Hrf7Dc0__RpjzS8RStVB4-37g597ua5hwLJ_SdtsMxJJMpOSjOTGzAskSizJVqvqPb31XOXyse1iTRulYEfXsKV8WX5krIChubBlraAu4CQ%3D&ssid=deuxjavplc0000001758312583281&qH=4a82715423d654d6
SKYBAGS,Medium 22 L Backpack Polyester 22L Voxel,599,https://www.flipkart.com/skybags-polyester-22l-voxel-22-l-backpack/p/itm2430740bf9b14?pid=BKPGJNM7HSPYVPV7&lid=LSTBKPGJNM7HSPYVPV7ZQBJWU&marketplace=FLIPKART&q=bag&store=search.flipkart.com&srno=s_5_183&otracker=search&otracker1=search&iid=74173bcf-09e9-446a-96e6-08950a16612e.BKPGJNM7HSPYVPV7.SEARCH&ssid=deuxjavplc0000001758312583281&qH=4a82715423d654d6
HP,26.3 L Laptop Backpack WB386PA,419,https://www.flipkart.com/hp-wb386pa-26-3-l-backpack/p/itmeae600b635bc1?pid=BKPH426HPDBHDQEW&lid=LSTBKPH426HPDBHDQEWC9FFFQ&marketplace=FLIPKART&q=bag&store=search.flipkart.com&srno=s_5_184&otracker=search&otracker1=search&iid=74173bcf-09e9-446a-96e6-08950a16612e.BKPH426HPDBHDQEW.SEARCH&ssid=deuxjavplc0000001758312583281&qH=4a82715423d654d6
PALAY,"Black Men & Women Sling Bag Crossbody Bag for Men Women with 3Pcs Badges, Waterproof Sling Bag Large",375,https://www.flipkart.com/palay-black-sling-bag-crossbody-men-women-3pcs-badges-waterproof-large/p/itma8a9330c18c8c?pid=SLBGZSA8MSZAMYWC&lid=LSTSLBGZSA8MSZAMYWCL1ZA0Y&marketplace=FLIPKART&q=bag&store=search.flipkart.com&srno=s_5_185&otracker=search&otracker1=search&iid=74173bcf-09e9-446a-96e6-08950a16612e.SLBGZSA8MSZAMYWC.SEARCH&ssid=deuxjavplc0000001758312583281&qH=4a82715423d654d6
NAVRANGI,Grey Men Shoulder Bag Sling USB Charging Sport High Capacity Waterproof,350,https://www.flipkart.com/navrangi-grey-shoulder-bag-sling-usb-charging-sport-high-capacity-waterproof/p/itm67027dee516de?pid=SLBGX44JZCZARVXH&lid=LSTSLBGX44JZCZARVXHN9IWOX&marketplace=FLIPKART&q=bag&store=search.flipkart.com&srno=s_5_186&otracker=search&otracker1=search&iid=74173bcf-09e9-446a-96e6-08950a16612e.SLBGX44JZCZARVXH.SEARCH&ssid=deuxjavplc0000001758312583281&qH=4a82715423d654d6
Gear,Medium 25 L Backpack BOMBER ECO STATEMENT 2C,600,https://www.flipkart.com/gear-bomber-eco-statement-2c-25-l-backpack/p/itmd8fce05ae49c7?pid=BKPFVDFYHE8WCF4Q&lid=LSTBKPFVDFYHE8WCF4QZPQW5Q&marketplace=FLIPKART&q=bag&store=search.flipkart.com&srno=s_5_187&otracker=search&otracker1=search&iid=en_Hrf7Dc0__RpjzS8RStVB4-37g597ua5hwLJ_SdtsMxK94o9pMhxvtudTrhQ1I57p9kQPUdOGr-z0gG0bhXyEmw891ypMzu4_aryI8_sihJ8%3D&ssid=deuxjavplc0000001758312583281&qH=4a82715423d654d6
Gear,Medium 26 L Backpack Jacquard Camo,906,https://www.flipkart.com/gear-jacquard-camo-26-l-backpack/p/itm5faf9e50cf7e2?pid=BKPFVHFVCH6ADMJM&lid=LSTBKPFVHFVCH6ADMJMZP2TBP&marketplace=FLIPKART&q=bag&store=search.flipkart.com&srno=s_5_188&otracker=search&otracker1=search&iid=en_Hrf7Dc0__RpjzS8RStVB4-37g597ua5hwLJ_SdtsMxJaR6jLo6DJX8CK4PyZiPvTnKCvwLqin-mqe6l71R9LLxhTy0lUJ14SzoMSv_CzLF0%3D&ssid=deuxjavplc0000001758312583281&qH=4a82715423d654d6
Sidra,"Brown Men & Women Sling Bag Brown Men Sling Bag Cross Body Sling bag for Office, Cash, Travelling Pack 1",212,https://www.flipkart.com/sidra-brown-sling-bag-men-cross-body-office-cash-travelling-pack-1/p/itme93815a227234?pid=SLBH8ZXZA3HQPPFP&lid=LSTSLBH8ZXZA3HQPPFP5MIQMZ&marketplace=FLIPKART&q=bag&store=search.flipkart.com&srno=s_5_189&otracker=search&otracker1=search&iid=74173bcf-09e9-446a-96e6-08950a16612e.SLBH8ZXZA3HQPPFP.SEARCH&ssid=deuxjavplc0000001758312583281&qH=4a82715423d654d6
TSK,Green Men & Women Messenger Bag GREEN MENS AND WOMENS SLING BAG/MESSENGER BAG,169,https://www.flipkart.com/tsk-green-messenger-bag-mens-womens-sling-bag-messenger/p/itm02094ca2e2048?pid=SLBGF3NMTFZVWFKW&lid=LSTSLBGF3NMTFZVWFKWCXAHWE&marketplace=FLIPKART&q=bag&store=search.flipkart.com&srno=s_5_190&otracker=search&otracker1=search&iid=74173bcf-09e9-446a-96e6-08950a16612e.SLBGF3NMTFZVWFKW.SEARCH&ssid=deuxjavplc0000001758312583281&qH=4a82715423d654d6
Gear,"Medium 29 L Backpack Sound Break 17"" Boys",549,https://www.flipkart.com/gear-sound-break-17-boys-29-l-backpack/p/itmf1738e0bbd048?pid=BKPHYDF46FZ23PXA&lid=LSTBKPHYDF46FZ23PXANPRWHG&marketplace=FLIPKART&q=bag&store=search.flipkart.com&srno=s_5_191&otracker=search&otracker1=search&iid=en_Hrf7Dc0__RpjzS8RStVB4-37g597ua5hwLJ_SdtsMxLCu_0_5oTakj6icN-xJ_NJV8gXnuLRN4N0D2tFPNYc4X3Gaq_wzx4HJysDmGalzMk%3D&ssid=deuxjavplc0000001758312583281&qH=4a82715423d654d6
Gear,Small 18 L Backpack Eco 4,439,https://www.flipkart.com/gear-eco-4-18-l-backpack/p/itmf3um3tgh7vyk6?pid=BKPEHZYJTY2N2FUD&lid=LSTBKPEHZYJTY2N2FUDBTMD4X&marketplace=FLIPKART&q=bag&store=search.flipkart.com&srno=s_5_192&otracker=search&otracker1=search&iid=en_Hrf7Dc0__RpjzS8RStVB4-37g597ua5hwLJ_SdtsMxI73Q4xc4cCPNjXda8mtxtZTygCkqYZpOksr9dm2X8QtuvN4Mn-dv-pi277bRzMbnY%3D&ssid=deuxjavplc0000001758312583281&qH=4a82715423d654d6
Zainto,Blue Men & Women Sling Bag College Denim Sling bag for Book,832,https://www.flipkart.com/zainto-blue-sling-bag-college-denim-book/p/itmd6eaae4f61f27?pid=SLBH5GDMDAS3ZZCD&lid=LSTSLBH5GDMDAS3ZZCDGGECX6&marketplace=FLIPKART&q=bag&store=search.flipkart.com&srno=s_5_193&otracker=search&otracker1=search&iid=74173bcf-09e9-446a-96e6-08950a16612e.SLBH5GDMDAS3ZZCD.SEARCH&ssid=deuxjavplc0000001758312583281&qH=4a82715423d654d6
TOMMY HILFIGER,29 L Gym Duffel Bag - Ural - Black,1749,https://www.flipkart.com/tommy-hilfiger-ural-gym-duffel-bag/p/itmaf6872dfa248f?pid=DFBGYBZFUDG3DQQZ&lid=LSTDFBGYBZFUDG3DQQZUPCZEI&marketplace=FLIPKART&q=bag&store=search.flipkart.com&srno=s_5_194&otracker=search&otracker1=search&iid=74173bcf-09e9-446a-96e6-08950a16612e.DFBGYBZFUDG3DQQZ.SEARCH&ssid=deuxjavplc0000001758312583281&qH=4a82715423d654d6
MUSCLEBLAZE,"45 L Gym Duffel Bag - Training Bag with Shoe Compartment, Gym Bag, for Gym & Travel - Black",699,https://www.flipkart.com/muscleblaze-expandable-training-bag-shoe-compartment-gym-bag-travel-duffel/p/itm9659d0812319f?pid=DFBGVCRFJKDZRBG7&lid=LSTDFBGVCRFJKDZRBG7AHOJZN&marketplace=FLIPKART&q=bag&store=search.flipkart.com&srno=s_5_195&otracker=search&otracker1=search&iid=74173bcf-09e9-446a-96e6-08950a16612e.DFBGVCRFJKDZRBG7.SEARCH&ssid=deuxjavplc0000001758312583281&qH=4a82715423d654d6
Flipkart Supermart,Lemon Green Tea Bags Box,74,https://www.flipkart.com/flipkart-supermart-lemon-green-tea-bags-box/p/itmb0091f926835a?pid=TEAFZX4WEBZJ9E2A&lid=LSTTEAFZX4WEBZJ9E2AOKWVEY&marketplace=FLIPKART&q=bag&store=search.flipkart.com&srno=s_5_196&otracker=search&otracker1=search&iid=74173bcf-09e9-446a-96e6-08950a16612e.TEAFZX4WEBZJ9E2A.SEARCH&ssid=deuxjavplc0000001758312583281&qH=4a82715423d654d6
Gear,Large 31 L Backpack SPECIAL AGENT BACKPACK,885,https://www.flipkart.com/gear-special-agent-backpack-31-l/p/itme3fb870a235c0?pid=BKPHDUMDKMUYPJS6&lid=LSTBKPHDUMDKMUYPJS6CENJEY&marketplace=FLIPKART&q=bag&store=search.flipkart.com&srno=s_5_197&otracker=search&otracker1=search&iid=en_Hrf7Dc0__RpjzS8RStVB4-37g597ua5hwLJ_SdtsMxJYy6H-ufBPcinMqvHRC8x74E-YQCzJckyqHTDhhyIcLWaRs4JL222ZRV-dN99QnxU%3D&ssid=deuxjavplc0000001758312583281&qH=4a82715423d654d6
NASHER MILES,Large 45 L Backpack Pulse Backpack for Men & Women|3 compartment/Casual|Rain Cover,919,https://www.flipkart.com/nasher-miles-pulse-backpack-men-women-3-compartment-casual-rain-cover-45-l/p/itm3d56197bb3e8b?pid=BKPGQP96G4YBEQCV&lid=LSTBKPGQP96G4YBEQCVWLWVRO&marketplace=FLIPKART&q=bag&store=search.flipkart.com&srno=s_5_198&otracker=search&otracker1=search&iid=en_Hrf7Dc0__RpjzS8RStVB4-37g597ua5hwLJ_SdtsMxLEmHiTUEQylmpuWs5uy6atPNSmFr6Gr7Nz6R743KUpv4nfEY2D5bWfIUmTlXs_oiU%3D&ssid=deuxjavplc0000001758312583281&qH=4a82715423d654d6
markway,Large 35 L Laptop Backpack Laptop Backpack Water Resistant Backpack (Blue) Waterproof School Bag,302,https://www.flipkart.com/markway-laptop-backpack-water-resistant-blue-waterproof-school-bag-35-l/p/itmb50f2919053b2?pid=BKPGPPRVWAHYYSWU&lid=LSTBKPGPPRVWAHYYSWUNIZJN3&marketplace=FLIPKART&q=bag&store=search.flipkart.com&srno=s_5_199&otracker=search&otracker1=search&iid=74173bcf-09e9-446a-96e6-08950a16612e.BKPGPPRVWAHYYSWU.SEARCH&ssid=deuxjavplc0000001758312583281&qH=4a82715423d654d6
HP,Small 18 L Laptop Backpack Casual for Travel / School /Collage / Office /Dynamic Backpack,449,https://www.flipkart.com/hp-casual-travel-school-collage-office-dynamic-backpack-18-l-trolley/p/itm9f0939e4e4bca?pid=BKPH4FJKAGYRUGSK&lid=LSTBKPH4FJKAGYRUGSKMS5VHF&marketplace=FLIPKART&q=bag&store=search.flipkart.com&srno=s_5_200&otracker=search&otracker1=search&iid=74173bcf-09e9-446a-96e6-08950a16612e.BKPH4FJKAGYRUGSK.SEARCH&ssid=deuxjavplc0000001758312583281&qH=4a82715423d654d6
Gear,Large 31 L Backpack SPECIAL AGENT BACKPACK,885,https://www.flipkart.com/gear-special-agent-backpack-31-l/p/itme3fb870a235c0?pid=BKPHDUMDKMUYPJS6&lid=LSTBKPHDUMDKMUYPJS6CENJEY&marketplace=FLIPKART&q=bag&store=search.flipkart.com&srno=s_6_201&otracker=search&otracker1=search&iid=en_SO-E8zLwhKP142a5MDnfm54_xEVPrHsqa3pRp9Qe4Yy6NZlLWdTwi16S1LoAaUJtQet2sVFfDw2HX2Gv7-vwlfUFjCTyOHoHZs-Z5_PS_w0%3D&ssid=77qhwwzt9c0000001758312595548&qH=4a82715423d654d6
NASHER MILES,"Large 45 L Backpack Wave Backpack for Men & Women | 3 compartment/Casual/College Bag | Red, 45L",869,https://www.flipkart.com/nasher-miles-wave-backpack-men-women-3-compartment-casual-college-bag-red-45l-45-l/p/itm631d290c3e367?pid=BKPGQP8WAE8KQNH8&lid=LSTBKPGQP8WAE8KQNH8JBIMNU&marketplace=FLIPKART&q=bag&store=search.flipkart.com&srno=s_6_202&otracker=search&otracker1=search&iid=en_SO-E8zLwhKP142a5MDnfm54_xEVPrHsqa3pRp9Qe4Yz63uyA7nDWe0f77NS1j3ef1MVON_WAYDsHCfeJKKf_evUFjCTyOHoHZs-Z5_PS_w0%3D&ssid=77qhwwzt9c0000001758312595548&qH=4a82715423d654d6
Genie,Small 10 L Backpack Spritz Rose 10 L SafePac Anti theft backpack with Tablet Sleeve & Water Resistant,309,https://www.flipkart.com/genie-spritz-rose-10-l-safepac-anti-theft-backpack-tablet-sleeve-water-resistant/p/itme1cf33eea2d4f?pid=BKPFMHV7WH3QG9CH&lid=LSTBKPFMHV7WH3QG9CHJUJ25J&marketplace=FLIPKART&q=bag&store=search.flipkart.com&srno=s_6_203&otracker=search&otracker1=search&iid=6ac7f211-3243-4bff-92ba-beffb99a0f28.BKPFMHV7WH3QG9CH.SEARCH&ssid=77qhwwzt9c0000001758312595548&qH=4a82715423d654d6
SAFARI,Large 37 L Backpack Bounce,849,https://www.flipkart.com/safari-bounce-37-l-backpack/p/itm39c8003d37028?pid=BKPHADTNAHYV6GQK&lid=LSTBKPHADTNAHYV6GQKYJNKOV&marketplace=FLIPKART&q=bag&store=search.flipkart.com&srno=s_6_204&otracker=search&otracker1=search&iid=6ac7f211-3243-4bff-92ba-beffb99a0f28.BKPHADTNAHYV6GQK.SEARCH&ssid=77qhwwzt9c0000001758312595548&qH=4a82715423d654d6
DEZiRE CRAfTS,Blue Men Sling Bag Stylish Shoulder Messenger Bag Waterproof for Men and Women,313,https://www.flipkart.com/dezire-crafts-blue-sling-bag-stylish-shoulder-messenger-waterproof-men-women/p/itm030b865a752c5?pid=SLBGAK88VSTFSK3D&lid=LSTSLBGAK88VSTFSK3DVHLZKG&marketplace=FLIPKART&q=bag&store=search.flipkart.com&srno=s_6_205&otracker=search&otracker1=search&iid=6ac7f211-3243-4bff-92ba-beffb99a0f28.SLBGAK88VSTFSK3D.SEARCH&ssid=77qhwwzt9c0000001758312595548&qH=4a82715423d654d6
La-Vinci,Brown Men & Women Messenger Bag - Medium Men Brown Messenger Bag/sling bags,400,https://www.flipkart.com/la-vinci-brown-messenger-bag-men-bag-sling-bags/p/itm2b9ba917c799e?pid=SLBG4PWSAWKGA9SU&lid=LSTSLBG4PWSAWKGA9SU8GGZRF&marketplace=FLIPKART&q=bag&store=search.flipkart.com&srno=s_6_206&otracker=search&otracker1=search&iid=6ac7f211-3243-4bff-92ba-beffb99a0f28.SLBG4PWSAWKGA9SU.SEARCH&ssid=77qhwwzt9c0000001758312595548&qH=4a82715423d654d6
Catbox,Large 35 L Laptop Backpack Large 35L backpack men and women backpack for school bag college bag,237,https://www.flipkart.com/catbox-large-35l-backpack-men-women-school-bag-college-35-l/p/itm25643f6bf6287?pid=BKPGVM3FUXZN92BS&lid=LSTBKPGVM3FUXZN92BSLWYYPK&marketplace=FLIPKART&q=bag&store=search.flipkart.com&srno=s_6_207&otracker=search&otracker1=search&iid=en_SO-E8zLwhKP142a5MDnfm54_xEVPrHsqa3pRp9Qe4YyElIRtQdfiXG3DjMH9cWyRW5RtFaXYMmHcX6mVuCYJnA%3D%3D&ssid=77qhwwzt9c0000001758312595548&qH=4a82715423d654d6
MONVELLI,Large 45 L Laptop Backpack Smart Tracker,630,https://www.flipkart.com/monvelli-smart-tracker-45-l-backpack/p/itmd37d82ead025c?pid=BKPH6J8CJUKGAAAP&lid=LSTBKPH6J8CJUKGAAAPENWP7A&marketplace=FLIPKART&q=bag&store=search.flipkart.com&srno=s_6_208&otracker=search&otracker1=search&iid=en_SO-E8zLwhKP142a5MDnfm54_xEVPrHsqa3pRp9Qe4YybHEinXDxDA_kvxfsizRF-XOgFsszS8YNGZGk7-pN47A%3D%3D&ssid=77qhwwzt9c0000001758312595548&qH=4a82715423d654d6
Veneer,Grey Men Sling Bag Casual Stylish Padded PU Crossbody Travel Office Business Sling Bag for Men,691,https://www.flipkart.com/veneer-grey-sling-bag-casual-stylish-padded-pu-crossbody-travel-office-business-men/p/itm328d61d35784f?pid=SLBGCG6XBCUGGWNG&lid=LSTSLBGCG6XBCUGGWNG9BAVBI&marketplace=FLIPKART&q=bag&store=search.flipkart.com&srno=s_6_209&otracker=search&otracker1=search&iid=6ac7f211-3243-4bff-92ba-beffb99a0f28.SLBGCG6XBCUGGWNG.SEARCH&ssid=77qhwwzt9c0000001758312595548&qH=4a82715423d654d6
Bagzenia,Brown Men & Women Sling Bag Sling Bag Stylish Cross Body Sling bag for Office Travelling,270,https://www.flipkart.com/bagzenia-brown-sling-bag-stylish-cross-body-office-travelling/p/itm5470465d80194?pid=SLBH7TYUBNBJCGPG&lid=LSTSLBH7TYUBNBJCGPGYGOCJB&marketplace=FLIPKART&q=bag&store=search.flipkart.com&srno=s_6_210&otracker=search&otracker1=search&iid=6ac7f211-3243-4bff-92ba-beffb99a0f28.SLBH7TYUBNBJCGPG.SEARCH&ssid=77qhwwzt9c0000001758312595548&qH=4a82715423d654d6
METRONAUT,"Medium 30 L Laptop Backpack Business Compact, Backpack for Daily Use, Library, Office , and outdoor Hiking",283,https://www.flipkart.com/metronaut-business-compact-backpack-daily-use-library-office-outdoor-hiking-30-l/p/itma17342cd0ba79?pid=BKPHEN34PDTGEX9U&lid=LSTBKPHEN34PDTGEX9UMPPL6H&marketplace=FLIPKART&q=bag&store=search.flipkart.com&srno=s_6_211&otracker=search&otracker1=search&iid=en_SO-E8zLwhKP142a5MDnfm54_xEVPrHsqa3pRp9Qe4Yzz5FuoDMm1Xq23BEKo-RP_LAarT_y99K7zFAtmodzkaA%3D%3D&ssid=77qhwwzt9c0000001758312595548&qH=4a82715423d654d6
HINEX BAG,Large 35 L Laptop Backpack men and women for school bag college bag,281,https://www.flipkart.com/hinex-bag-men-women-school-college-35-l-backpack/p/itm981db9a5a7321?pid=BKPGTKNEYNZHWFQA&lid=LSTBKPGTKNEYNZHWFQA74LFLY&marketplace=FLIPKART&q=bag&store=search.flipkart.com&srno=s_6_212&otracker=search&otracker1=search&iid=en_SO-E8zLwhKP142a5MDnfm54_xEVPrHsqa3pRp9Qe4YzIovEkT2wrwO_4FHtXvDGAFyX0YVYEHtNthpK7O3bqew%3D%3D&ssid=77qhwwzt9c0000001758312595548&qH=4a82715423d654d6
STORITE,"Brown Men & Women Sling Bag Canvas Sling Cross Body Messenger Bag, One Side Shoulder Multi Pocket Sling Bag",469,https://www.flipkart.com/storite-brown-sling-bag-canvas-cross-body-messenger-bag-one-side-shoulder-multi-pocket/p/itm19ed4b5a4c72a?pid=SLBGMUYYNPFZZ4J3&lid=LSTSLBGMUYYNPFZZ4J3JJVHB7&marketplace=FLIPKART&q=bag&store=search.flipkart.com&srno=s_6_213&otracker=search&otracker1=search&iid=6ac7f211-3243-4bff-92ba-beffb99a0f28.SLBGMUYYNPFZZ4J3.SEARCH&ssid=77qhwwzt9c0000001758312595548&qH=4a82715423d654d6
Dmade,"20 L Gym Duffel Bag - Water Resistant Sports Gym/Kit Bag With Separate Shoe Compartment - Grey, Black",216,https://www.flipkart.com/dmade-water-resistant-sports-gym-kit-bag-separate-shoe-compartment-gym-duffel/p/itmffd3608117a50?pid=DFBGQ4BXZ9GNZDDB&lid=LSTDFBGQ4BXZ9GNZDDB6JPYD8&marketplace=FLIPKART&q=bag&store=search.flipkart.com&srno=s_6_214&otracker=search&otracker1=search&iid=6ac7f211-3243-4bff-92ba-beffb99a0f28.DFBGQ4BXZ9GNZDDB.SEARCH&ssid=77qhwwzt9c0000001758312595548&qH=4a82715423d654d6
SPEND,35 L Gym Duffel Bag - 35 L Gym Duffel Bag - Trendy Men & Women Sport Gym Bag Duffel Bag - Blue - Black,344,https://www.flipkart.com/spend-expandable-35-l-gym-duffel-bag-trendy-men-women-sport-blue/p/itm163ea0b71041c?pid=DFBH5PCRCZAKHQVM&lid=LSTDFBH5PCRCZAKHQVMEZGV8F&marketplace=FLIPKART&q=bag&store=search.flipkart.com&srno=s_6_215&otracker=search&otracker1=search&iid=6ac7f211-3243-4bff-92ba-beffb99a0f28.DFBH5PCRCZAKHQVM.SEARCH&ssid=77qhwwzt9c0000001758312595548&qH=4a82715423d654d6
DewDROP,1 kg Bean Bag Filler,331,https://www.flipkart.com/dewdrop-1-kg-bean-bag-filler/p/itm55467d69dd3d4?pid=BBFFSRWKHZWCHCCA&lid=LSTBBFFSRWKHZWCHCCAJKBSJS&marketplace=FLIPKART&q=bag&store=search.flipkart.com&srno=s_6_216&otracker=search&otracker1=search&iid=6ac7f211-3243-4bff-92ba-beffb99a0f28.BBFFSRWKHZWCHCCA.SEARCH&ssid=77qhwwzt9c0000001758312595548&qH=4a82715423d654d6
Gear,Large 40 L Backpack FROSTED,439,https://www.flipkart.com/gear-frosted-40-l-backpack/p/itm3eae9c5919311?pid=BKPGQWVUTE5BMK8C&lid=LSTBKPGQWVUTE5BMK8CNOWNIT&marketplace=FLIPKART&q=bag&store=search.flipkart.com&srno=s_6_217&otracker=search&otracker1=search&iid=en_SO-E8zLwhKP142a5MDnfm54_xEVPrHsqa3pRp9Qe4YzKAslMrahfnZvAlJ5vVeow9q-3jdIq8Xeqg1AmBgN5kfUFjCTyOHoHZs-Z5_PS_w0%3D&ssid=77qhwwzt9c0000001758312595548&qH=4a82715423d654d6
Catbox,Large 40 L Laptop Backpack Large Laptop Backpack Casual Laptop Backpack for Men Women Boys Girls/Office,426,https://www.flipkart.com/catbox-large-laptop-backpack-casual-men-women-boys-girls-office-40-l/p/itmc44a41fac53d4?pid=BKPH7HYFV6TJ2FEB&lid=LSTBKPH7HYFV6TJ2FEBXT6J7Y&marketplace=FLIPKART&q=bag&store=search.flipkart.com&srno=s_6_218&otracker=search&otracker1=search&iid=en_SO-E8zLwhKP142a5MDnfm54_xEVPrHsqa3pRp9Qe4YwxD-95Y4fSjTR2jPDg8LjOqc-R7ocjcSfp3p2IxCmHhg%3D%3D&ssid=77qhwwzt9c0000001758312595548&qH=4a82715423d654d6
METRONAUT,Large 32 L Laptop Backpack unisex bag,368,https://www.flipkart.com/metronaut-unisex-bag-32-l-backpack/p/itme926dc094bfda?pid=BKPH9K3VUGESE7XX&lid=LSTBKPH9K3VUGESE7XXACX9F4&marketplace=FLIPKART&q=bag&store=search.flipkart.com&srno=s_6_219&otracker=search&otracker1=search&iid=6ac7f211-3243-4bff-92ba-beffb99a0f28.BKPH9K3VUGESE7XX.SEARCH&ssid=77qhwwzt9c0000001758312595548&qH=4a82715423d654d6
NDT,Small 6 L Laptop Backpack Anti-theft Water-Resistant Cross body Bags With USB Charging Port Bag Phone,319,https://www.flipkart.com/ndt-anti-theft-water-resistant-cross-body-bags-usb-charging-port-bag-phone-6-l-backpack/p/itmfced9a6cdc1a7?pid=BKPHDHCQVTNTEVSY&lid=LSTBKPHDHCQVTNTEVSYK7ALQB&marketplace=FLIPKART&q=bag&store=search.flipkart.com&srno=s_6_220&otracker=search&otracker1=search&iid=6ac7f211-3243-4bff-92ba-beffb99a0f28.BKPHDHCQVTNTEVSY.SEARCH&ssid=77qhwwzt9c0000001758312595548&qH=4a82715423d654d6
HRX by Hrithik Roshan,Large 41 L Laptop Backpack Casual,949,https://www.flipkart.com/hrx-hrithik-roshan-casual-41-l-backpack/p/itm195333849c3af?pid=BKPH4N5WK7AUQRUG&lid=LSTBKPH4N5WK7AUQRUGOZNX6D&marketplace=FLIPKART&q=bag&store=search.flipkart.com&srno=s_6_221&otracker=search&otracker1=search&iid=en_SO-E8zLwhKP142a5MDnfm54_xEVPrHsqa3pRp9Qe4YzgW0CqEexuR0qIHZhqhw79GVIDhCQxht3CCLI8e4ltaw%3D%3D&ssid=77qhwwzt9c0000001758312595548&qH=4a82715423d654d6
saracreation,Large 35 L Laptop Backpack XHackerX backpack 2 secret Hidden Pocket,572,https://www.flipkart.com/saracreation-xhackerx-backpack-2-secret-hidden-pocket-35-l/p/itm308b13e8bd28c?pid=BKPHE8WTZNW2QHK3&lid=LSTBKPHE8WTZNW2QHK3RP9L4X&marketplace=FLIPKART&q=bag&store=search.flipkart.com&srno=s_6_222&otracker=search&otracker1=search&iid=en_SO-E8zLwhKP142a5MDnfm54_xEVPrHsqa3pRp9Qe4Yz4OnQHlKFXCfdw6NSJjGaPV50m-UqdwJy3H7a9haJtNw%3D%3D&ssid=77qhwwzt9c0000001758312595548&qH=4a82715423d654d6
HP,Medium 28 L Laptop Backpack bag,399,https://www.flipkart.com/hp-bag-28-l-backpack/p/itm021988d499613?pid=BKPHC6HRCQHSJ7KW&lid=LSTBKPHC6HRCQHSJ7KWJ1LHAF&marketplace=FLIPKART&q=bag&store=search.flipkart.com&srno=s_6_223&otracker=search&otracker1=search&iid=6ac7f211-3243-4bff-92ba-beffb99a0f28.BKPHC6HRCQHSJ7KW.SEARCH&ssid=77qhwwzt9c0000001758312595548&qH=4a82715423d654d6
WROGN,Large 40 L Laptop Backpack Frontier Unisex Bag with rain cover Office/School/College/BusinessA,839,https://www.flipkart.com/wrogn-frontier-unisex-bag-rain-cover-office-school-college-businessa-40-l-backpack/p/itm771a81effd4fa?pid=BKPGWJ79NAZGBB6V&lid=LSTBKPGWJ79NAZGBB6VO6DII9&marketplace=FLIPKART&q=bag&store=search.flipkart.com&srno=s_6_224&otracker=search&otracker1=search&iid=6ac7f211-3243-4bff-92ba-beffb99a0f28.BKPGWJ79NAZGBB6V.SEARCH&ssid=77qhwwzt9c0000001758312595548&qH=4a82715423d654d6
Flycraft,"Medium 30 L Laptop Backpack simna.1378/1 black orange spacy unisex laptop backpack & travel,office bags with rain cover and reflective strip style",488,https://www.flipkart.com/flycraft-simna-1378-1-black-orange-spacy-unisex-laptop-backpack-travel-office-bags-rain-cover-reflective-strip-style-30-l/p/itm26640d567e692?pid=BKPG9CFZRKWFGGXX&lid=LSTBKPG9CFZRKWFGGXXQPEXUW&marketplace=FLIPKART&q=bag&store=search.flipkart.com&srno=s_6_225&otracker=search&otracker1=search&iid=6ac7f211-3243-4bff-92ba-beffb99a0f28.BKPG9CFZRKWFGGXX.SEARCH&ssid=77qhwwzt9c0000001758312595548&qH=4a82715423d654d6
Catbox,Large 35 L Backpack Medium For College Travel Office For Men & Women,288,https://www.flipkart.com/catbox-medium-college-travel-office-men-women-35-l-backpack/p/itm628e0df8aa2f4?pid=BKPH39GKUAFKQ99U&lid=LSTBKPH39GKUAFKQ99UCX0DEZ&marketplace=FLIPKART&q=bag&store=search.flipkart.com&srno=s_6_226&otracker=search&otracker1=search&iid=6ac7f211-3243-4bff-92ba-beffb99a0f28.BKPH39GKUAFKQ99U.SEARCH&ssid=77qhwwzt9c0000001758312595548&qH=4a82715423d654d6
Catbox,Large 35 L Backpack Medium 35 L Laptop Backpack Casual Backpack for Men Women Boys Girls/Office,288,https://www.flipkart.com/catbox-medium-35-l-laptop-backpack-casual-men-women-boys-girls-office/p/itm758866e872715?pid=BKPH39GRYUVXBEMT&lid=LSTBKPH39GRYUVXBEMTO6VME0&marketplace=FLIPKART&q=bag&store=search.flipkart.com&srno=s_6_227&otracker=search&otracker1=search&iid=en_SO-E8zLwhKP142a5MDnfm54_xEVPrHsqa3pRp9Qe4Yz9sbxGvcNZK4jBqroFw5b9gnSGwIgEuTOBmhDu0oIW4w%3D%3D&ssid=77qhwwzt9c0000001758312595548&qH=4a82715423d654d6
The SmartAnany,Large 35 L Laptop Backpack the specious gangs bag,467,https://www.flipkart.com/smartanany-specious-gangs-bag-35-l-backpack/p/itmf029526b805f7?pid=BKPH7RPPYYTGHNFF&lid=LSTBKPH7RPPYYTGHNFFXQEPRD&marketplace=FLIPKART&q=bag&store=search.flipkart.com&srno=s_6_228&otracker=search&otracker1=search&iid=en_SO-E8zLwhKP142a5MDnfm54_xEVPrHsqa3pRp9Qe4YwPbttdGEvocLzOzkxsi9nDLqJYSAjKaomfc0a7SS3mSA%3D%3D&ssid=77qhwwzt9c0000001758312595548&qH=4a82715423d654d6
bosig,Multicolor Men & Women Hand-held Bag Realistic Puffy Plush Shaped Crossbody Handbag,1491,https://www.flipkart.com/bosig-multicolor-hand-held-bag-realistic-puffy-plush-shaped-crossbody-handbag/p/itm63d6c47675211?pid=SLBH2HNKF8H4TF6H&lid=LSTSLBH2HNKF8H4TF6HMS7SEO&marketplace=FLIPKART&q=bag&store=search.flipkart.com&srno=s_6_229&otracker=search&otracker1=search&iid=6ac7f211-3243-4bff-92ba-beffb99a0f28.SLBH2HNKF8H4TF6H.SEARCH&ssid=77qhwwzt9c0000001758312595548&qH=4a82715423d654d6
TULMAN,Clear Men & Women Shoulder Bag Transparent PVC Sling Bag with Zipper Closure & Adjustable Strap for Women & Men,328,https://www.flipkart.com/tulman-clear-shoulder-bag-transparent-pvc-sling-zipper-closure-adjustable-strap-women-men/p/itmda23694af0305?pid=SLBGSYV5ZZC2QDYD&lid=LSTSLBGSYV5ZZC2QDYDJSYRUV&marketplace=FLIPKART&q=bag&store=search.flipkart.com&srno=s_6_230&otracker=search&otracker1=search&iid=6ac7f211-3243-4bff-92ba-beffb99a0f28.SLBGSYV5ZZC2QDYD.SEARCH&ssid=77qhwwzt9c0000001758312595548&qH=4a82715423d654d6
ADAAZEL,Large 45 L Laptop Backpack Casual unisex Backpack school college laptop office bag,251,https://www.flipkart.com/adaazel-casual-unisex-backpack-school-college-laptop-office-bag-45-l/p/itm157da5f34b31e?pid=BKPGSJ3ZYJGVGVFP&lid=LSTBKPGSJ3ZYJGVGVFPRFB98S&marketplace=FLIPKART&q=bag&store=search.flipkart.com&srno=s_6_231&otracker=search&otracker1=search&iid=en_SO-E8zLwhKP142a5MDnfm54_xEVPrHsqa3pRp9Qe4YzGxj2CQybI0-dpfzzd1MtbBSj38HZzAS6k7hvhvpmXQg%3D%3D&ssid=77qhwwzt9c0000001758312595548&qH=4a82715423d654d6
A1FOXYLEATHER,Medium 30 L Laptop Backpack Fashionable Casual Backpack,498,https://www.flipkart.com/a1foxyleather-fashionable-casual-backpack-30-l/p/itm098af3faaccac?pid=BKPHDMJHGVQ27UBX&lid=LSTBKPHDMJHGVQ27UBX60TSU0&marketplace=FLIPKART&q=bag&store=search.flipkart.com&srno=s_6_232&otracker=search&otracker1=search&iid=en_SO-E8zLwhKP142a5MDnfm54_xEVPrHsqa3pRp9Qe4YyUO1wl8ASR0Eeplh4uKk0RFh05yv08kiL-_Ml52DQNgA%3D%3D&ssid=77qhwwzt9c0000001758312595548&qH=4a82715423d654d6
DEZiRE CRAfTS,Multicolor Men Sling Bag Stylish Shoulder Crossbody Chest Messenger Bag Waterproof for Men and Women,313,https://www.flipkart.com/dezire-crafts-multicolor-sling-bag-stylish-shoulder-crossbody-chest-messenger-waterproof-men-women/p/itmd4f79cbcaf001?pid=SLBGETHDT29GGRUK&lid=LSTSLBGETHDT29GGRUK7G314D&marketplace=FLIPKART&q=bag&store=search.flipkart.com&srno=s_6_233&otracker=search&otracker1=search&iid=6ac7f211-3243-4bff-92ba-beffb99a0f28.SLBGETHDT29GGRUK.SEARCH&ssid=77qhwwzt9c0000001758312595548&qH=4a82715423d654d6
Swanky,Tan Men & Women Sling Bag Waist Pack,198,https://www.flipkart.com/swanky-tan-sling-bag-waist-pack/p/itm1d2638a29fa54?pid=SLBHFM2FHZBBH3SG&lid=LSTSLBHFM2FHZBBH3SGFWZMNW&marketplace=FLIPKART&q=bag&store=search.flipkart.com&srno=s_6_234&otracker=search&otracker1=search&iid=6ac7f211-3243-4bff-92ba-beffb99a0f28.SLBHFM2FHZBBH3SG.SEARCH&ssid=77qhwwzt9c0000001758312595548&qH=4a82715423d654d6
Dwide,Multicolor Men & Women Sling Bag HIMAYAS Stylish Pure Hemp Sling Bag with Organizer Pockets,261,https://www.flipkart.com/dwide-multicolor-sling-bag-himayas-stylish-pure-hemp-organizer-pockets/p/itm711242bdf5f2e?pid=SLBHBA7HSBNHF6YF&lid=LSTSLBHBA7HSBNHF6YFYCEMLM&marketplace=FLIPKART&q=bag&store=search.flipkart.com&srno=s_6_235&otracker=search&otracker1=search&iid=6ac7f211-3243-4bff-92ba-beffb99a0f28.SLBHBA7HSBNHF6YF.SEARCH&ssid=77qhwwzt9c0000001758312595548&qH=4a82715423d654d6
MODISH,"50 L Gym Duffel Bag - 50 Liter Expandable Travel Bags for Women, Duffle Bags for Women Luggage - Maroon",265,https://www.flipkart.com/modish-expandable-50-liter-expandable-travel-bags-women-duffle-women-luggage-gym-duffel-bag/p/itmc0f35de0e37e0?pid=DFBH8VUQTPHM7QHY&lid=LSTDFBH8VUQTPHM7QHYYVXKBW&marketplace=FLIPKART&q=bag&store=search.flipkart.com&srno=s_6_236&otracker=search&otracker1=search&iid=6ac7f211-3243-4bff-92ba-beffb99a0f28.DFBH8VUQTPHM7QHY.SEARCH&ssid=77qhwwzt9c0000001758312595548&qH=4a82715423d654d6
Flamebird,Medium 24 L Laptop Backpack Backpack Black School Backpack for girls Cute Bookbag for School Teens (Black),498,https://www.flipkart.com/flamebird-backpack-black-school-girls-cute-bookbag-teens-black-24-l/p/itm6102d186a01a8?pid=BKPHATP6DFGZNTJD&lid=LSTBKPHATP6DFGZNTJDRAESDI&marketplace=FLIPKART&q=bag&store=search.flipkart.com&srno=s_6_237&otracker=search&otracker1=search&iid=en_SO-E8zLwhKP142a5MDnfm54_xEVPrHsqa3pRp9Qe4YxjW-AdY5KFadAco8c2etYmGD1Au1icwksZzpsp5ZAl_Q%3D%3D&ssid=77qhwwzt9c0000001758312595548&qH=4a82715423d654d6
NuMe,55 L Backpack Heavy Duty Unisex School Backpack | Durable & Water-Resistant Bag,466,https://www.flipkart.com/nume-heavy-duty-unisex-school-backpack-durable-water-resistant-bag-55-l/p/itm1aa075bb4a38b?pid=BKPHBQVVVNMCSZGZ&lid=LSTBKPHBQVVVNMCSZGZCC7SNP&marketplace=FLIPKART&q=bag&store=search.flipkart.com&srno=s_6_238&otracker=search&otracker1=search&iid=en_SO-E8zLwhKP142a5MDnfm54_xEVPrHsqa3pRp9Qe4YxZPx6XMXeGLcp4y-zKRcsI9CxU64sYNm3Frh8jOMbx7w%3D%3D&ssid=77qhwwzt9c0000001758312595548&qH=4a82715423d654d6
MONVELLI,25 L Gym Duffel Bag - SPORTS DUFFLE BAG - Grey,243,https://www.flipkart.com/monvelli-sports-duffle-bag-gym-duffel/p/itm50e1a04a17c70?pid=DFBGD5R2PNBJ4WT4&lid=LSTDFBGD5R2PNBJ4WT4CQFZNE&marketplace=FLIPKART&q=bag&store=search.flipkart.com&srno=s_6_239&otracker=search&otracker1=search&iid=6ac7f211-3243-4bff-92ba-beffb99a0f28.DFBGD5R2PNBJ4WT4.SEARCH&ssid=77qhwwzt9c0000001758312595548&qH=4a82715423d654d6
,NAFA Professional Mini Portable and Foldable Tripod with Wireless Bluetooth Remote Tripod,274,https://www.flipkart.com/nafa-professional-mini-portable-foldable-tripod-wireless-bluetooth-remote/p/itm56e6869f9e11a?pid=ACCH3ZV2HZ3E6PEM&lid=LSTACCH3ZV2HZ3E6PEMPBQUSS&marketplace=FLIPKART&q=bag&store=search.flipkart.com&srno=s_6_240&otracker=search&otracker1=search&iid=6ac7f211-3243-4bff-92ba-beffb99a0f28.ACCH3ZV2HZ3E6PEM.SEARCH&ssid=77qhwwzt9c0000001758312595548&qH=4a82715423d654d6
Gear,Large 31 L Backpack SPECIAL AGENT BACKPACK,885,https://www.flipkart.com/gear-special-agent-backpack-31-l/p/itme3fb870a235c0?pid=BKPHDUMDKMUYPJS6&lid=LSTBKPHDUMDKMUYPJS6CENJEY&marketplace=FLIPKART&q=bag&store=search.flipkart.com&srno=s_7_241&otracker=search&otracker1=search&iid=en_Q_uyDa_aVyHQ8gqoPplg46VRdd5_e0EuHcBKNASiwtddozEXryrO4kkkYIS5Wo4lQet2sVFfDw2HX2Gv7-vwlfUFjCTyOHoHZs-Z5_PS_w0%3D&ssid=0y509zfhw00000001758312606977&qH=4a82715423d654d6
NASHER MILES,"Large 45 L Backpack Wave Backpack for Men & Women | 3 compartment/Casual/College Bag | Red, 45L",869,https://www.flipkart.com/nasher-miles-wave-backpack-men-women-3-compartment-casual-college-bag-red-45l-45-l/p/itm631d290c3e367?pid=BKPGQP8WAE8KQNH8&lid=LSTBKPGQP8WAE8KQNH8JBIMNU&marketplace=FLIPKART&q=bag&store=search.flipkart.com&srno=s_7_242&otracker=search&otracker1=search&iid=en_Q_uyDa_aVyHQ8gqoPplg46VRdd5_e0EuHcBKNASiwte4ibOCKZtUthBByWj55zwG1MVON_WAYDsHCfeJKKf_evUFjCTyOHoHZs-Z5_PS_w0%3D&ssid=0y509zfhw00000001758312606977&qH=4a82715423d654d6
aob,Large 70 L Backpack UNISEX WaterProof Mountain Rucksack/Hiking/Trekking/Camping Bag/Travel,375,https://www.flipkart.com/aob-unisex-waterproof-mountain-rucksack-hiking-trekking-camping-bag-travel-70-l-backpack/p/itm8db67391e266f?pid=BKPGX38YWM3YSHYZ&lid=LSTBKPGX38YWM3YSHYZPKJSOP&marketplace=FLIPKART&q=bag&store=search.flipkart.com&srno=s_7_243&otracker=search&otracker1=search&iid=ee2f2441-9670-4686-81ad-8a979e516526.BKPGX38YWM3YSHYZ.SEARCH&ssid=0y509zfhw00000001758312606977&qH=4a82715423d654d6
SBCOLLECTION,Medium 30 L Laptop Backpack Reflective Strip Waterproof Office/School/College/Business/Travel Bag Unisex,260,https://www.flipkart.com/sbcollection-reflective-strip-waterproof-office-school-college-business-travel-bag-unisex-30-l-backpack/p/itme876de2b4722e?pid=BKPGW3M3PZTGY5MK&lid=LSTBKPGW3M3PZTGY5MKXDVTGD&marketplace=FLIPKART&q=bag&store=search.flipkart.com&srno=s_7_244&otracker=search&otracker1=search&iid=ee2f2441-9670-4686-81ad-8a979e516526.BKPGW3M3PZTGY5MK.SEARCH&ssid=0y509zfhw00000001758312606977&qH=4a82715423d654d6
NASHER MILES,Large 45 L Backpack Pulse for Men & Women|3 compartment/Casual|Rain Cover,919,https://www.flipkart.com/nasher-miles-pulse-men-women-3-compartment-casual-rain-cover-45-l-backpack/p/itmcddc5b852b92b?pid=BKPGQP8XNKHRRJGM&lid=LSTBKPGQP8XNKHRRJGMTLBQ2A&marketplace=FLIPKART&q=bag&store=search.flipkart.com&srno=s_7_245&otracker=search&otracker1=search&iid=ee2f2441-9670-4686-81ad-8a979e516526.BKPGQP8XNKHRRJGM.SEARCH&ssid=0y509zfhw00000001758312606977&qH=4a82715423d654d6
CROWN,Medium 25 L Laptop Backpack New Stylish With Large Spacious Spider Design for School & College & Laptop,255,https://www.flipkart.com/crown-new-stylish-large-spacious-spider-design-school-college-laptop-25-l-backpack/p/itmc9bbd4601b731?pid=BKPHCQG7HGRG6Y9Q&lid=LSTBKPHCQG7HGRG6Y9QS40KV9&marketplace=FLIPKART&q=bag&store=search.flipkart.com&srno=s_7_246&otracker=search&otracker1=search&iid=ee2f2441-9670-4686-81ad-8a979e516526.BKPHCQG7HGRG6Y9Q.SEARCH&ssid=0y509zfhw00000001758312606977&qH=4a82715423d654d6
Catbox,Large 35 L Laptop Backpack Large 35L backpack men and women backpack for school bag college bag,237,https://www.flipkart.com/catbox-large-35l-backpack-men-women-school-bag-college-35-l/p/itm25643f6bf6287?pid=BKPGVM3FUXZN92BS&lid=LSTBKPGVM3FUXZN92BSLWYYPK&marketplace=FLIPKART&q=bag&store=search.flipkart.com&srno=s_7_247&otracker=search&otracker1=search&iid=en_Q_uyDa_aVyHQ8gqoPplg46VRdd5_e0EuHcBKNASiwtcOVCgZG-LykK0XMaRJ2uhsW5RtFaXYMmHcX6mVuCYJnA%3D%3D&ssid=0y509zfhw00000001758312606977&qH=4a82715423d654d6
MONVELLI,Large 45 L Laptop Backpack Smart Tracker,630,https://www.flipkart.com/monvelli-smart-tracker-45-l-backpack/p/itmd37d82ead025c?pid=BKPH6J8CJUKGAAAP&lid=LSTBKPH6J8CJUKGAAAPENWP7A&marketplace=FLIPKART&q=bag&store=search.flipkart.com&srno=s_7_248&otracker=search&otracker1=search&iid=en_Q_uyDa_aVyHQ8gqoPplg46VRdd5_e0EuHcBKNASiwtf1qVWbEY39tcJcAWFvqXucXOgFsszS8YNGZGk7-pN47A%3D%3D&ssid=0y509zfhw00000001758312606977&qH=4a82715423d654d6
crafty craft,"Green Men Sling Bag Stylish Cross Body Sling bag for Office, Cash, Business Collection, Travelling",176,https://www.flipkart.com/crafty-craft-green-sling-bag-stylish-cross-body-office-cash-business-collection-travelling/p/itm499a77cac7681?pid=SLBGZ9FJ5JRNGRGP&lid=LSTSLBGZ9FJ5JRNGRGPWOHMHN&marketplace=FLIPKART&q=bag&store=search.flipkart.com&srno=s_7_249&otracker=search&otracker1=search&iid=ee2f2441-9670-4686-81ad-8a979e516526.SLBGZ9FJ5JRNGRGP.SEARCH&ssid=0y509zfhw00000001758312606977&qH=4a82715423d654d6
Alison,Brown Men Messenger Bag for Men,328,https://www.flipkart.com/alison-brown-messenger-bag-men/p/itmeed540422d123?pid=SLBGTG3APQZKBY4S&lid=LSTSLBGTG3APQZKBY4SVA1OS8&marketplace=FLIPKART&q=bag&store=search.flipkart.com&srno=s_7_250&otracker=search&otracker1=search&iid=ee2f2441-9670-4686-81ad-8a979e516526.SLBGTG3APQZKBY4S.SEARCH&ssid=0y509zfhw00000001758312606977&qH=4a82715423d654d6
Gear,Large 40 L Backpack FROSTED,439,https://www.flipkart.com/gear-frosted-40-l-backpack/p/itm3eae9c5919311?pid=BKPGQWVUTE5BMK8C&lid=LSTBKPGQWVUTE5BMK8CNOWNIT&marketplace=FLIPKART&q=bag&store=search.flipkart.com&srno=s_7_251&otracker=search&otracker1=search&iid=en_Q_uyDa_aVyHQ8gqoPplg46VRdd5_e0EuHcBKNASiwtdAFH8R5qnB6-rRBrexw3m18kFa4fYRn_RobosMY1dR1PUFjCTyOHoHZs-Z5_PS_w0%3D&ssid=0y509zfhw00000001758312606977&qH=4a82715423d654d6
METRONAUT,"Medium 30 L Laptop Backpack Business Compact, Backpack for Daily Use, Library, Office , and outdoor Hiking",283,https://www.flipkart.com/metronaut-business-compact-backpack-daily-use-library-office-outdoor-hiking-30-l/p/itma17342cd0ba79?pid=BKPHEN34PDTGEX9U&lid=LSTBKPHEN34PDTGEX9UMPPL6H&marketplace=FLIPKART&q=bag&store=search.flipkart.com&srno=s_7_252&otracker=search&otracker1=search&iid=en_Q_uyDa_aVyHQ8gqoPplg46VRdd5_e0EuHcBKNASiwtdavNaJ8fLIaXeUlgf-6elIvH-er_9ZZal6HR9aM8vorQ%3D%3D&ssid=0y509zfhw00000001758312606977&qH=4a82715423d654d6
K.B.SALES,"Blue, Brown Men & Women Shoulder Bag Sling Business Men Chest Crossbody s with USB Charging Port",335,https://www.flipkart.com/k-b-sales-blue-brown-shoulder-bag-sling-business-men-chest-crossbody-s-usb-charging-port/p/itm290f1cdad6c91?pid=SLBGUFGF2B2FQZCX&lid=LSTSLBGUFGF2B2FQZCXNQHLU7&marketplace=FLIPKART&q=bag&store=search.flipkart.com&srno=s_7_253&otracker=search&otracker1=search&iid=ee2f2441-9670-4686-81ad-8a979e516526.SLBGUFGF2B2FQZCX.SEARCH&ssid=0y509zfhw00000001758312606977&qH=4a82715423d654d6
fashnita,"Black, Brown Men Shoulder Bag sling bag businessman bag chest cross body bag with USB charging port",351,https://www.flipkart.com/fashnita-black-brown-shoulder-bag-sling-businessman-chest-cross-body-usb-charging-port/p/itm8f8e3739167f2?pid=SLBH8AVU3FGHPYHP&lid=LSTSLBH8AVU3FGHPYHPFW2VGQ&marketplace=FLIPKART&q=bag&store=search.flipkart.com&srno=s_7_254&otracker=search&otracker1=search&iid=ee2f2441-9670-4686-81ad-8a979e516526.SLBH8AVU3FGHPYHP.SEARCH&ssid=0y509zfhw00000001758312606977&qH=4a82715423d654d6
M Choice,Black Men & Women Sling Bag FOR MEN AND WOMEN,180,https://www.flipkart.com/m-choice-black-sling-bag-men-women/p/itma88e59254e378?pid=SLBGHH8YKYYUHGSF&lid=LSTSLBGHH8YKYYUHGSFIQFS4F&marketplace=FLIPKART&q=bag&store=search.flipkart.com&srno=s_7_255&otracker=search&otracker1=search&iid=ee2f2441-9670-4686-81ad-8a979e516526.SLBGHH8YKYYUHGSF.SEARCH&ssid=0y509zfhw00000001758312606977&qH=4a82715423d654d6
ANANYA ENTERPRISES,10 L Gym Duffel Bag - Combo Set of Gym Bag with Gym Glove with Wrist Band and life black shaker Bottle - Blue,440,https://www.flipkart.com/ananya-enterprises-expandable-combo-set-gym-bag-glove-wrist-band-life-black-shaker-bottle-duffel/p/itm9de2d89856de7?pid=DFBGM2G34GFHKNRZ&lid=LSTDFBGM2G34GFHKNRZVZ2HHY&marketplace=FLIPKART&q=bag&store=search.flipkart.com&srno=s_7_256&otracker=search&otracker1=search&iid=ee2f2441-9670-4686-81ad-8a979e516526.DFBGM2G34GFHKNRZ.SEARCH&ssid=0y509zfhw00000001758312606977&qH=4a82715423d654d6
HINEX BAG,Large 35 L Laptop Backpack men and women for school bag college bag,281,https://www.flipkart.com/hinex-bag-men-women-school-college-35-l-backpack/p/itm981db9a5a7321?pid=BKPGTKNEYNZHWFQA&lid=LSTBKPGTKNEYNZHWFQA74LFLY&marketplace=FLIPKART&q=bag&store=search.flipkart.com&srno=s_7_257&otracker=search&otracker1=search&iid=en_Q_uyDa_aVyHQ8gqoPplg46VRdd5_e0EuHcBKNASiwtcSpoFPOEOMKBMqJSaSfHBcCsaYUmpESJtxWBy9hb7EQg%3D%3D&ssid=0y509zfhw00000001758312606977&qH=4a82715423d654d6
Catbox,Large 40 L Laptop Backpack Large Laptop Backpack Casual Laptop Backpack for Men Women Boys Girls/Office,426,https://www.flipkart.com/catbox-large-laptop-backpack-casual-men-women-boys-girls-office-40-l/p/itmc44a41fac53d4?pid=BKPH7HYFV6TJ2FEB&lid=LSTBKPH7HYFV6TJ2FEBXT6J7Y&marketplace=FLIPKART&q=bag&store=search.flipkart.com&srno=s_7_258&otracker=search&otracker1=search&iid=en_Q_uyDa_aVyHQ8gqoPplg46VRdd5_e0EuHcBKNASiwtfedKGmloHfyMEbg6L1MVLxqc-R7ocjcSfp3p2IxCmHhg%3D%3D&ssid=0y509zfhw00000001758312606977&qH=4a82715423d654d6
Wildcraft,25 L Gym Duffel Bag - MAX _ Duff - Black,509,https://www.flipkart.com/wildcraft-max-duff-gym-duffel-bag/p/itm45c4060da16a0?pid=DFBH7ZE2TNFMHUCF&lid=LSTDFBH7ZE2TNFMHUCFG0Q5IB&marketplace=FLIPKART&q=bag&store=search.flipkart.com&srno=s_7_259&otracker=search&otracker1=search&iid=ee2f2441-9670-4686-81ad-8a979e516526.DFBH7ZE2TNFMHUCF.SEARCH&ssid=0y509zfhw00000001758312606977&qH=4a82715423d654d6
,"POZUB Top Selling PZBL03 Selfie Stick Tripod With Fill Light +Dustproof Bag Wireless Bluetooth Detachable Remote, 360°Rotation, Selfie Stick And Stand R1S With Flash Light And Remote Control Selfie Stick Extendable Stick Mini Tripod With Detachable Remote For Smart Selfie Phone Holder Camera Flash Brackets Best Use For Make Videos Compatible With Mobiles Video Stand In Gimbal Stabilizer, |In Mobile Holder For Hand| Stand For Online Classes Selfie Sticks & Monopods Tripod, Monopod, Monopod Kit, Tripod Ball Head, Tripod Bracket, Tripod Clamp, Tripod Kit",348,https://www.flipkart.com/pozub-top-selling-pzbl03-selfie-stick-tripod-fill-light-dustproof-bag-wireless-bluetooth-detachable-remote-360rotation-stand-r1s-flash-remote-control-extendable-mini-smart-phone-holder-camera-brackets-best-use-make-videos-compatible-mobiles-video-gimbal-stabilizer-in-mobile-hand-online-classes-sticks-monopods-tripod-monopod-monopod-kit-ball-head-bracket-clamp-kit/p/itm0b3712a5705ad?pid=ACCG7UCYSYZGUJTH&lid=LSTACCG7UCYSYZGUJTHWSY7PB&marketplace=FLIPKART&q=bag&store=search.flipkart.com&srno=s_7_260&otracker=search&otracker1=search&iid=ee2f2441-9670-4686-81ad-8a979e516526.ACCG7UCYSYZGUJTH.SEARCH&ssid=0y509zfhw00000001758312606977&qH=4a82715423d654d6
HRX by Hrithik Roshan,Large 41 L Laptop Backpack Casual,949,https://www.flipkart.com/hrx-hrithik-roshan-casual-41-l-backpack/p/itm195333849c3af?pid=BKPH4N5WK7AUQRUG&lid=LSTBKPH4N5WK7AUQRUGOZNX6D&marketplace=FLIPKART&q=bag&store=search.flipkart.com&srno=s_7_261&otracker=search&otracker1=search&iid=en_Q_uyDa_aVyHQ8gqoPplg46VRdd5_e0EuHcBKNASiwtcINUGOQTWIaDLAAKws29VJGVIDhCQxht3CCLI8e4ltaw%3D%3D&ssid=0y509zfhw00000001758312606977&qH=4a82715423d654d6
saracreation,Large 35 L Laptop Backpack XHackerX backpack 2 secret Hidden Pocket,572,https://www.flipkart.com/saracreation-xhackerx-backpack-2-secret-hidden-pocket-35-l/p/itm308b13e8bd28c?pid=BKPHE8WTZNW2QHK3&lid=LSTBKPHE8WTZNW2QHK3RP9L4X&marketplace=FLIPKART&q=bag&store=search.flipkart.com&srno=s_7_262&otracker=search&otracker1=search&iid=en_Q_uyDa_aVyHQ8gqoPplg46VRdd5_e0EuHcBKNASiwtccTD-D9gTNJWDrFBNxRHoeV50m-UqdwJy3H7a9haJtNw%3D%3D&ssid=0y509zfhw00000001758312606977&qH=4a82715423d654d6
Bluejay,Large 40 L Backpack 40L Casual Laptop School/College/Office/Travel Bag For Men & Women,292,https://www.flipkart.com/bluejay-40l-casual-laptop-school-college-office-travel-bag-men-women-40-l-backpack/p/itm68964f9d362d8?pid=BKPGKVBPGYV72STD&lid=LSTBKPGKVBPGYV72STDACK1NB&marketplace=FLIPKART&q=bag&store=search.flipkart.com&srno=s_7_263&otracker=search&otracker1=search&iid=ee2f2441-9670-4686-81ad-8a979e516526.BKPGKVBPGYV72STD.SEARCH&ssid=0y509zfhw00000001758312606977&qH=4a82715423d654d6
Xelcis,Small 10 L Backpack New Sling Bag Anti-Theft USB Crossbody Backpack Waterproof Chest Shoulder Bag,378,https://www.flipkart.com/xelcis-new-sling-bag-anti-theft-usb-crossbody-backpack-waterproof-chest-shoulder-10-l/p/itmd62cf6a4093ed?pid=BKPHBS8GGZFUPZF5&lid=LSTBKPHBS8GGZFUPZF5TOIRZK&marketplace=FLIPKART&q=bag&store=search.flipkart.com&srno=s_7_264&otracker=search&otracker1=search&iid=ee2f2441-9670-4686-81ad-8a979e516526.BKPHBS8GGZFUPZF5.SEARCH&ssid=0y509zfhw00000001758312606977&qH=4a82715423d654d6
markway,Large 33 L Laptop Backpack Tuition Bag Backpack for Laptop/MacBook/Office/Travel/Classes/College,301,https://www.flipkart.com/markway-tuition-bag-backpack-laptop-macbook-office-travel-classes-college-33-l/p/itmea95aabb5770d?pid=BKPGPPW5P5FNXAZ7&lid=LSTBKPGPPW5P5FNXAZ75OXDRX&marketplace=FLIPKART&q=bag&store=search.flipkart.com&srno=s_7_265&otracker=search&otracker1=search&iid=ee2f2441-9670-4686-81ad-8a979e516526.BKPGPPW5P5FNXAZ7.SEARCH&ssid=0y509zfhw00000001758312606977&qH=4a82715423d654d6
SASCO INDIA,Large 35 L Backpack Backpack Pulse Backpack Ideal for Men & Women,259,https://www.flipkart.com/sasco-india-backpack-pulse-ideal-men-women-35-l/p/itmbe43ae1d15c3d?pid=BKPHA9GYEDEXKVE5&lid=LSTBKPHA9GYEDEXKVE5XTCHDM&marketplace=FLIPKART&q=bag&store=search.flipkart.com&srno=s_7_266&otracker=search&otracker1=search&iid=ee2f2441-9670-4686-81ad-8a979e516526.BKPHA9GYEDEXKVE5.SEARCH&ssid=0y509zfhw00000001758312606977&qH=4a82715423d654d6
Catbox,Large 35 L Backpack Medium 35 L Laptop Backpack Casual Backpack for Men Women Boys Girls/Office,288,https://www.flipkart.com/catbox-medium-35-l-laptop-backpack-casual-men-women-boys-girls-office/p/itm758866e872715?pid=BKPH39GRYUVXBEMT&lid=LSTBKPH39GRYUVXBEMTO6VME0&marketplace=FLIPKART&q=bag&store=search.flipkart.com&srno=s_7_267&otracker=search&otracker1=search&iid=en_Q_uyDa_aVyHQ8gqoPplg46VRdd5_e0EuHcBKNASiwtdjHRpfqgrOcJZ0uiUMpwVKgnSGwIgEuTOBmhDu0oIW4w%3D%3D&ssid=0y509zfhw00000001758312606977&qH=4a82715423d654d6
The SmartAnany,Large 35 L Laptop Backpack the specious gangs bag,467,https://www.flipkart.com/smartanany-specious-gangs-bag-35-l-backpack/p/itmf029526b805f7?pid=BKPH7RPPYYTGHNFF&lid=LSTBKPH7RPPYYTGHNFFXQEPRD&marketplace=FLIPKART&q=bag&store=search.flipkart.com&srno=s_7_268&otracker=search&otracker1=search&iid=en_Q_uyDa_aVyHQ8gqoPplg46VRdd5_e0EuHcBKNASiwtdczxqQvZDWViaQQhFBfUInLqJYSAjKaomfc0a7SS3mSA%3D%3D&ssid=0y509zfhw00000001758312606977&qH=4a82715423d654d6
HRX by Hrithik Roshan,Large 38 L Laptop Backpack ALPHA Unisex Bag with rain cover Office/School/College/BusinessB-38L,919,https://www.flipkart.com/hrx-hrithik-roshan-alpha-unisex-bag-rain-cover-office-school-college-businessb-38l-38-l-backpack/p/itm965418bb8d34e?pid=BKPH7N9BTQD2YMJC&lid=LSTBKPH7N9BTQD2YMJCG8QVT1&marketplace=FLIPKART&q=bag&store=search.flipkart.com&srno=s_7_269&otracker=search&otracker1=search&iid=ee2f2441-9670-4686-81ad-8a979e516526.BKPH7N9BTQD2YMJC.SEARCH&ssid=0y509zfhw00000001758312606977&qH=4a82715423d654d6
WROGN,Large 35 L Laptop Backpack Discovery Unisex Bag with rain cover Office/School/College/BusinessA-35L,839,https://www.flipkart.com/wrogn-discovery-unisex-bag-rain-cover-office-school-college-businessa-35l-35-l-backpack/p/itmfa1485006f79f?pid=BKPGWJ8ZZAXBQFPA&lid=LSTBKPGWJ8ZZAXBQFPAJQK3WZ&marketplace=FLIPKART&q=bag&store=search.flipkart.com&srno=s_7_270&otracker=search&otracker1=search&iid=ee2f2441-9670-4686-81ad-8a979e516526.BKPGWJ8ZZAXBQFPA.SEARCH&ssid=0y509zfhw00000001758312606977&qH=4a82715423d654d6
ADAAZEL,Large 45 L Laptop Backpack Casual unisex Backpack school college laptop office bag,251,https://www.flipkart.com/adaazel-casual-unisex-backpack-school-college-laptop-office-bag-45-l/p/itm157da5f34b31e?pid=BKPGSJ3ZYJGVGVFP&lid=LSTBKPGSJ3ZYJGVGVFPRFB98S&marketplace=FLIPKART&q=bag&store=search.flipkart.com&srno=s_7_271&otracker=search&otracker1=search&iid=en_Q_uyDa_aVyHQ8gqoPplg46VRdd5_e0EuHcBKNASiwtfyHhCq3CUeTj912FbiHQRwBSj38HZzAS6k7hvhvpmXQg%3D%3D&ssid=0y509zfhw00000001758312606977&qH=4a82715423d654d6
A1FOXYLEATHER,Medium 30 L Laptop Backpack Fashionable Casual Backpack,498,https://www.flipkart.com/a1foxyleather-fashionable-casual-backpack-30-l/p/itm098af3faaccac?pid=BKPHDMJHGVQ27UBX&lid=LSTBKPHDMJHGVQ27UBX60TSU0&marketplace=FLIPKART&q=bag&store=search.flipkart.com&srno=s_7_272&otracker=search&otracker1=search&iid=en_Q_uyDa_aVyHQ8gqoPplg46VRdd5_e0EuHcBKNASiwtcozWhjZKgBlSrkr8o3E0VvFh05yv08kiL-_Ml52DQNgA%3D%3D&ssid=0y509zfhw00000001758312606977&qH=4a82715423d654d6
Alison,"Brown Men Shoulder Bag Men Sling Bag,Shoulder bag for men,New stylish bag ,,office bag men",300,https://www.flipkart.com/alison-brown-shoulder-bag-men-sling-bag-shoulder-men-new-stylish-office/p/itm383ea774159a2?pid=SLBH9MKTVBFUMJ3N&lid=LSTSLBH9MKTVBFUMJ3NOBDTMD&marketplace=FLIPKART&q=bag&store=search.flipkart.com&srno=s_7_273&otracker=search&otracker1=search&iid=ee2f2441-9670-4686-81ad-8a979e516526.SLBH9MKTVBFUMJ3N.SEARCH&ssid=0y509zfhw00000001758312606977&qH=4a82715423d654d6
NAVRANGI,"Black, Brown Men Shoulder Bag Sling Bag USB Charging Sport Shoulder Bag High Capacity Waterproof",336,https://www.flipkart.com/navrangi-black-brown-shoulder-bag-sling-usb-charging-sport-high-capacity-waterproof/p/itmf60e84c621396?pid=SLBGX44JFSZVER2P&lid=LSTSLBGX44JFSZVER2PBERY2L&marketplace=FLIPKART&q=bag&store=search.flipkart.com&srno=s_7_274&otracker=search&otracker1=search&iid=ee2f2441-9670-4686-81ad-8a979e516526.SLBGX44JFSZVER2P.SEARCH&ssid=0y509zfhw00000001758312606977&qH=4a82715423d654d6
Alison,Black Men Shoulder Bag Sling Bag For Men Shoulder Crossbody Bag Anti-Theft For Travel with USB Charging,419,https://www.flipkart.com/alison-black-shoulder-bag-sling-men-crossbody-anti-theft-travel-usb-charging/p/itmc4ea208557ac7?pid=SLBHBG6GGEHX9MDH&lid=LSTSLBHBG6GGEHX9MDHIXCEAP&marketplace=FLIPKART&q=bag&store=search.flipkart.com&srno=s_7_275&otracker=search&otracker1=search&iid=ee2f2441-9670-4686-81ad-8a979e516526.SLBHBG6GGEHX9MDH.SEARCH&ssid=0y509zfhw00000001758312606977&qH=4a82715423d654d6
Elmira,"Blue, Black Men & Women Sling Bag Sling Bag / Small Side Travel Crossbody Office Passport Messenger Bag",910,https://www.flipkart.com/elmira-blue-black-sling-bag-small-side-travel-crossbody-office-passport-messenger/p/itmc32f57c9528d8?pid=SLBH6XM4GZVHZQ2Y&lid=LSTSLBH6XM4GZVHZQ2YASEVGA&marketplace=FLIPKART&q=bag&store=search.flipkart.com&srno=s_7_276&otracker=search&otracker1=search&iid=ee2f2441-9670-4686-81ad-8a979e516526.SLBH6XM4GZVHZQ2Y.SEARCH&ssid=0y509zfhw00000001758312606977&qH=4a82715423d654d6
Flamebird,Medium 24 L Laptop Backpack Backpack Black School Backpack for girls Cute Bookbag for School Teens (Black),498,https://www.flipkart.com/flamebird-backpack-black-school-girls-cute-bookbag-teens-black-24-l/p/itm6102d186a01a8?pid=BKPHATP6DFGZNTJD&lid=LSTBKPHATP6DFGZNTJDRAESDI&marketplace=FLIPKART&q=bag&store=search.flipkart.com&srno=s_7_277&otracker=search&otracker1=search&iid=en_Q_uyDa_aVyHQ8gqoPplg46VRdd5_e0EuHcBKNASiwtd3-tIr9MxRkIcq5H5DEnFrGD1Au1icwksZzpsp5ZAl_Q%3D%3D&ssid=0y509zfhw00000001758312606977&qH=4a82715423d654d6
NuMe,55 L Backpack Heavy Duty Unisex School Backpack | Durable & Water-Resistant Bag,466,https://www.flipkart.com/nume-heavy-duty-unisex-school-backpack-durable-water-resistant-bag-55-l/p/itm1aa075bb4a38b?pid=BKPHBQVVVNMCSZGZ&lid=LSTBKPHBQVVVNMCSZGZCC7SNP&marketplace=FLIPKART&q=bag&store=search.flipkart.com&srno=s_7_278&otracker=search&otracker1=search&iid=en_Q_uyDa_aVyHQ8gqoPplg46VRdd5_e0EuHcBKNASiwtdUKYGBDwY3GZfzc7MqRDyH9CxU64sYNm3Frh8jOMbx7w%3D%3D&ssid=0y509zfhw00000001758312606977&qH=4a82715423d654d6
ZipCraze,"Brown, Black Men & Women Shoulder Bag Stylish Crossbody Sling Bag with USB Charging Port & Secure Locking System",500,https://www.flipkart.com/zipcraze-brown-black-shoulder-bag-stylish-crossbody-sling-usb-charging-port-secure-locking-system/p/itmdc4a0bdf532db?pid=SLBHEHJDH3CKQAFW&lid=LSTSLBHEHJDH3CKQAFWLL9BF3&marketplace=FLIPKART&q=bag&store=search.flipkart.com&srno=s_7_279&otracker=search&otracker1=search&iid=ee2f2441-9670-4686-81ad-8a979e516526.SLBHEHJDH3CKQAFW.SEARCH&ssid=0y509zfhw00000001758312606977&qH=4a82715423d654d6
FUOCO,40 L Gym Duffel Bag - Empowered Camouflage Black - Multicolor,633,https://www.flipkart.com/fuoco-empowered-camouflage-black-gym-duffel-bag/p/itmd39d2763034fd?pid=DFBGCUCPHSDCMWFK&lid=LSTDFBGCUCPHSDCMWFK7SBP9F&marketplace=FLIPKART&q=bag&store=search.flipkart.com&srno=s_7_280&otracker=search&otracker1=search&iid=ee2f2441-9670-4686-81ad-8a979e516526.DFBGCUCPHSDCMWFK.SEARCH&ssid=0y509zfhw00000001758312606977&qH=4a82715423d654d6
NASHER MILES,Large 45 L Backpack Pulse for Men & Women|3 compartment/Casual|Rain Cover,919,https://www.flipkart.com/nasher-miles-pulse-men-women-3-compartment-casual-rain-cover-45-l-backpack/p/itmcddc5b852b92b?pid=BKPGQP8XNKHRRJGM&lid=LSTBKPGQP8XNKHRRJGMTLBQ2A&marketplace=FLIPKART&q=bag&store=search.flipkart.com&srno=s_8_281&otracker=search&otracker1=search&iid=en_Aaz0LtXhSCi3igzYVk23-v9mkGLKE5YXMJQ3eI0hABhS4jpLOPnDME9BvsJJf_T5XzlCcWYIHMULaYr2cWm1CvUFjCTyOHoHZs-Z5_PS_w0%3D&ssid=bli74tujb40000001758312618267&qH=4a82715423d654d6
NASHER MILES,"Large 45 L Backpack Wave Backpack for Men & Women | 3 compartment/Casual/College Bag|Navy Blue, 45L",919,https://www.flipkart.com/nasher-miles-wave-backpack-men-women-3-compartment-casual-college-bag-navy-blue-45l-45-l/p/itm1d6a954e28adb?pid=BKPGQP8W4NW25HXY&lid=LSTBKPGQP8W4NW25HXYJZWYLS&marketplace=FLIPKART&q=bag&store=search.flipkart.com&srno=s_8_282&otracker=search&otracker1=search&iid=en_Aaz0LtXhSCi3igzYVk23-v9mkGLKE5YXMJQ3eI0hABgZJBl6D_m9KqM8VSlJcSuSe4vzyh2ajp6Kbm6ZXgyCK_UFjCTyOHoHZs-Z5_PS_w0%3D&ssid=bli74tujb40000001758312618267&qH=4a82715423d654d6
HP,Medium 25 L Laptop Backpack Blue Line,299,https://www.flipkart.com/hp-blue-line-25-l-backpack/p/itm173d3cdc9de06?pid=BKPH78U8PWPXRW89&lid=LSTBKPH78U8PWPXRW89JQ96P3&marketplace=FLIPKART&q=bag&store=search.flipkart.com&srno=s_8_283&otracker=search&otracker1=search&iid=0d54f60d-145b-47a2-9b92-edea46d22c46.BKPH78U8PWPXRW89.SEARCH&ssid=bli74tujb40000001758312618267&qH=4a82715423d654d6
Flamebird,"Small 20 L Laptop Backpack Backpack for Women Girls Travel,Casual,College,Office,Work,Gift Bag Ladies",494,https://www.flipkart.com/flamebird-backpack-women-girls-travel-casual-college-office-work-gift-bag-ladies-20-l/p/itm9a9f93cbf52ce?pid=BKPH5ZJ24DFBCFME&lid=LSTBKPH5ZJ24DFBCFMEVSNA98&marketplace=FLIPKART&q=bag&store=search.flipkart.com&srno=s_8_284&otracker=search&otracker1=search&iid=0d54f60d-145b-47a2-9b92-edea46d22c46.BKPH5ZJ24DFBCFME.SEARCH&ssid=bli74tujb40000001758312618267&qH=4a82715423d654d6
Axion,Medium 25 L Laptop Backpack Medium 25 L School College Laptop Backpack; Light Weight + Strong Zig Zag Stitch,269,https://www.flipkart.com/axion-medium-25-l-school-college-laptop-backpack-light-weight-strong-zig-zag-stitch-backpack/p/itm9f254f4e1c778?pid=BKPH97YVBZ2PHXFU&lid=LSTBKPH97YVBZ2PHXFU10GGRB&marketplace=FLIPKART&q=bag&store=search.flipkart.com&srno=s_8_285&otracker=search&otracker1=search&iid=0d54f60d-145b-47a2-9b92-edea46d22c46.BKPH97YVBZ2PHXFU.SEARCH&ssid=bli74tujb40000001758312618267&qH=4a82715423d654d6
TORRENTO,Medium 30 L Laptop Backpack 4th to 10th Class Casual School Bags Waterproof Backpack FOR BOYS GIRLS,252,https://www.flipkart.com/torrento-4th-10th-class-casual-school-bags-waterproof-backpack-boys-girls-30-l/p/itme8eba69c3b23c?pid=BKPGSV5UGAE94TU7&lid=LSTBKPGSV5UGAE94TU7LI1AID&marketplace=FLIPKART&q=bag&store=search.flipkart.com&srno=s_8_286&otracker=search&otracker1=search&iid=0d54f60d-145b-47a2-9b92-edea46d22c46.BKPGSV5UGAE94TU7.SEARCH&ssid=bli74tujb40000001758312618267&qH=4a82715423d654d6
NASHER MILES,Large 45 L Backpack Men & Women | 3 compartment/Casual/College Bag,909,https://www.flipkart.com/nasher-miles-men-women-3-compartment-casual-college-bag-45-l-backpack/p/itm4fe903cc7f31c?pid=BKPGQP8WFTW6HJA9&lid=LSTBKPGQP8WFTW6HJA9WJTDMP&marketplace=FLIPKART&q=bag&store=search.flipkart.com&srno=s_8_287&otracker=search&otracker1=search&iid=en_Aaz0LtXhSCi3igzYVk23-v9mkGLKE5YXMJQ3eI0hABiNCsXYgCkRBIjuIQEnUoswg4vKKKX_DFLTsDU7W74Mw_UFjCTyOHoHZs-Z5_PS_w0%3D&ssid=bli74tujb40000001758312618267&qH=4a82715423d654d6
NASHER MILES,Large 40 L Laptop Backpack Corporate Black Laptop Backpack,1509,https://www.flipkart.com/nasher-miles-corporate-black-laptop-backpack-40-l/p/itmcbb4d30c323d6?pid=BKPGH7X2FMWUJ9DE&lid=LSTBKPGH7X2FMWUJ9DE18C4CI&marketplace=FLIPKART&q=bag&store=search.flipkart.com&srno=s_8_288&otracker=search&otracker1=search&iid=en_Aaz0LtXhSCi3igzYVk23-v9mkGLKE5YXMJQ3eI0hABjDp_PwNVv7AFzvoTK4mL_YgjlhPT8fdi1wVBV5DDqvfPUFjCTyOHoHZs-Z5_PS_w0%3D&ssid=bli74tujb40000001758312618267&qH=4a82715423d654d6
FEXMON,Medium 25 L Laptop Backpack Medium Laptop Casual for Men Women Boys Girls/Office,288,https://www.flipkart.com/fexmon-medium-laptop-casual-men-women-boys-girls-office-25-l-backpack/p/itm0be535ad4d052?pid=BKPH39J8FGA9JRAJ&lid=LSTBKPH39J8FGA9JRAJ27RYM5&marketplace=FLIPKART&q=bag&store=search.flipkart.com&srno=s_8_289&otracker=search&otracker1=search&iid=0d54f60d-145b-47a2-9b92-edea46d22c46.BKPH39J8FGA9JRAJ.SEARCH&ssid=bli74tujb40000001758312618267&qH=4a82715423d654d6
SKYBAGS,Small 11 L Backpack KLIK DAYPACK 01 GREY,280,https://www.flipkart.com/skybags-klik-daypack-01-grey-11-l-backpack/p/itmfb51c802b3934?pid=BKPGTQ3CG7BQTYX2&lid=LSTBKPGTQ3CG7BQTYX2W9VAPM&marketplace=FLIPKART&q=bag&store=search.flipkart.com&srno=s_8_290&otracker=search&otracker1=search&iid=0d54f60d-145b-47a2-9b92-edea46d22c46.BKPGTQ3CG7BQTYX2.SEARCH&ssid=bli74tujb40000001758312618267&qH=4a82715423d654d6
NASHER MILES,"Large 45 L Backpack Wave Backpack for Men & Women | 3 compartment/Casual/College Bag | Red, 45L",869,https://www.flipkart.com/nasher-miles-wave-backpack-men-women-3-compartment-casual-college-bag-red-45l-45-l/p/itm631d290c3e367?pid=BKPGQP8WAE8KQNH8&lid=LSTBKPGQP8WAE8KQNH8JBIMNU&marketplace=FLIPKART&q=bag&store=search.flipkart.com&srno=s_8_291&otracker=search&otracker1=search&iid=en_Aaz0LtXhSCi3igzYVk23-v9mkGLKE5YXMJQ3eI0hABj3k2w4Axfb_96gLNKz1wBPfprj86Kg9EnTLImehsFb5_UFjCTyOHoHZs-Z5_PS_w0%3D&ssid=bli74tujb40000001758312618267&qH=4a82715423d654d6
Gear,Large 40 L Backpack FROSTED,439,https://www.flipkart.com/gear-frosted-40-l-backpack/p/itm3eae9c5919311?pid=BKPGQWVUTE5BMK8C&lid=LSTBKPGQWVUTE5BMK8CNOWNIT&marketplace=FLIPKART&q=bag&store=search.flipkart.com&srno=s_8_292&otracker=search&otracker1=search&iid=en_Aaz0LtXhSCi3igzYVk23-v9mkGLKE5YXMJQ3eI0hABgxYPMJPuJDBmnMZAG0eSMeZCQOqtG_h86gmqcrd41bwPUFjCTyOHoHZs-Z5_PS_w0%3D&ssid=bli74tujb40000001758312618267&qH=4a82715423d654d6
PROVOGUE PLUS,Blue Men & Women Shoulder Bag LEGENDER Unisex Crossbody Bag Sling Bag With USB PORT and SECURE LOCKING SYSTEM,490,https://www.flipkart.com/provogue-plus-blue-shoulder-bag-legender-unisex-crossbody-sling-usb-port-secure-locking-system/p/itm5903fcc9622a6?pid=SLBH8ZFJHCZ7QPP7&lid=LSTSLBH8ZFJHCZ7QPP7IVT482&marketplace=FLIPKART&q=bag&store=search.flipkart.com&srno=s_8_293&otracker=search&otracker1=search&iid=0d54f60d-145b-47a2-9b92-edea46d22c46.SLBH8ZFJHCZ7QPP7.SEARCH&ssid=bli74tujb40000001758312618267&qH=4a82715423d654d6
GJSHOP,"Black Men & Women Shoulder Bag Multi-pocket functional chest bag, sports fitness business crossbody bag",325,https://www.flipkart.com/gjshop-black-shoulder-bag-multi-pocket-functional-chest-bag-sports-fitness-business-crossbody/p/itm86931417a73d6?pid=SLBH7VYYG9HTJKVT&lid=LSTSLBH7VYYG9HTJKVT1MOUCF&marketplace=FLIPKART&q=bag&store=search.flipkart.com&srno=s_8_294&otracker=search&otracker1=search&iid=0d54f60d-145b-47a2-9b92-edea46d22c46.SLBH7VYYG9HTJKVT.SEARCH&ssid=bli74tujb40000001758312618267&qH=4a82715423d654d6
Straplt,Blue Men & Women Sling Bag Crossbody Shoulder Backpack Chest Sling Bag Lightweight One Strap Sling Bag,197,https://www.flipkart.com/straplt-blue-sling-bag-crossbody-shoulder-backpack-chest-lightweight-one-strap/p/itm57586cd3628c3?pid=SLBGEWN5ZZH9FVK3&lid=LSTSLBGEWN5ZZH9FVK3IDOE7X&marketplace=FLIPKART&q=bag&store=search.flipkart.com&srno=s_8_295&otracker=search&otracker1=search&iid=0d54f60d-145b-47a2-9b92-edea46d22c46.SLBGEWN5ZZH9FVK3.SEARCH&ssid=bli74tujb40000001758312618267&qH=4a82715423d654d6
Alison,"Black Men Sling Bag Men Sling Bag-Small ,Shoulder bag for men,,tab bag for boys ,office bag men",241,https://www.flipkart.com/alison-black-sling-bag-men-bag-small-shoulder-men-tab-boys-office/p/itmaaeb195dab10b?pid=SLBH4ZXJBZUGZFKX&lid=LSTSLBH4ZXJBZUGZFKXGS9T3I&marketplace=FLIPKART&q=bag&store=search.flipkart.com&srno=s_8_296&otracker=search&otracker1=search&iid=0d54f60d-145b-47a2-9b92-edea46d22c46.SLBH4ZXJBZUGZFKX.SEARCH&ssid=bli74tujb40000001758312618267&qH=4a82715423d654d6
Gear,Large 31 L Backpack SPECIAL AGENT BACKPACK,885,https://www.flipkart.com/gear-special-agent-backpack-31-l/p/itme3fb870a235c0?pid=BKPHDUMDKMUYPJS6&lid=LSTBKPHDUMDKMUYPJS6CENJEY&marketplace=FLIPKART&q=bag&store=search.flipkart.com&srno=s_8_297&otracker=search&otracker1=search&iid=en_Aaz0LtXhSCi3igzYVk23-v9mkGLKE5YXMJQ3eI0hABjTOxAYXmtNMYoDfgptOfiAEF7DdOf9Qn4kH0b_mi9mzfUFjCTyOHoHZs-Z5_PS_w0%3D&ssid=bli74tujb40000001758312618267&qH=4a82715423d654d6
Gear,Medium 25 L Backpack BOMBER ECO STATEMENT 2C,600,https://www.flipkart.com/gear-bomber-eco-statement-2c-25-l-backpack/p/itmd8fce05ae49c7?pid=BKPFVDFYHE8WCF4Q&lid=LSTBKPFVDFYHE8WCF4QZPQW5Q&marketplace=FLIPKART&q=bag&store=search.flipkart.com&srno=s_8_298&otracker=search&otracker1=search&iid=en_Aaz0LtXhSCi3igzYVk23-v9mkGLKE5YXMJQ3eI0hABhsAO_sapeoo_H3fe2_pFWtRHM96M-C7ezLZSzOGYT5APUFjCTyOHoHZs-Z5_PS_w0%3D&ssid=bli74tujb40000001758312618267&qH=4a82715423d654d6
JairaJ,Tan Men Sling Bag Men Sling Bag extra large,392,https://www.flipkart.com/jairaj-tan-sling-bag-men-extra-large/p/itm2c83cde7cda39?pid=SLBGXAZBJSB67CV8&lid=LSTSLBGXAZBJSB67CV8BA93LC&marketplace=FLIPKART&q=bag&store=search.flipkart.com&srno=s_8_299&otracker=search&otracker1=search&iid=0d54f60d-145b-47a2-9b92-edea46d22c46.SLBGXAZBJSB67CV8.SEARCH&ssid=bli74tujb40000001758312618267&qH=4a82715423d654d6
ANANYA ENTERPRISES,10 L Gym Duffel Bag - Gym Bag Combo Men's Gloves black Wrist Support Band and big spider shaker Bottle - Black,464,https://www.flipkart.com/ananya-enterprises-gym-bag-combo-men-s-gloves-black-wrist-support-band-big-spider-shaker-bottle-duffel/p/itmb75e89f64610e?pid=DFBGM2HMSGVTEYFY&lid=LSTDFBGM2HMSGVTEYFY7KRCPZ&marketplace=FLIPKART&q=bag&store=search.flipkart.com&srno=s_8_300&otracker=search&otracker1=search&iid=0d54f60d-145b-47a2-9b92-edea46d22c46.DFBGM2HMSGVTEYFY.SEARCH&ssid=bli74tujb40000001758312618267&qH=4a82715423d654d6
Gear,Small 19 L Backpack ECO 4,439,https://www.flipkart.com/gear-eco-4-19-l-backpack/p/itmf3uhzyhaw68ag?pid=BKPETY66VBVCZFSK&lid=LSTBKPETY66VBVCZFSKDIHGUL&marketplace=FLIPKART&q=bag&store=search.flipkart.com&srno=s_8_301&otracker=search&otracker1=search&iid=en_Aaz0LtXhSCi3igzYVk23-v9mkGLKE5YXMJQ3eI0hABgKGhEP41TrBUtsNE0_PBYEodwPuJu2sJOs1SVT6zHU5vUFjCTyOHoHZs-Z5_PS_w0%3D&ssid=bli74tujb40000001758312618267&qH=4a82715423d654d6
Gear,"Medium 29 L Backpack Sound Break 17"" Boys",549,https://www.flipkart.com/gear-sound-break-17-boys-29-l-backpack/p/itm48dc519779e55?pid=BKPHY52USHKHRV78&lid=LSTBKPHY52USHKHRV78GIOZMK&marketplace=FLIPKART&q=bag&store=search.flipkart.com&srno=s_8_302&otracker=search&otracker1=search&iid=en_Aaz0LtXhSCi3igzYVk23-v9mkGLKE5YXMJQ3eI0hABgKCRX0s3C-68ZVHJI_190Rqfzbn4IzPyT99XSxrMdzG6V8WX5krIChubBlraAu4CQ%3D&ssid=bli74tujb40000001758312618267&qH=4a82715423d654d6
RAION,20 L Gym Duffel Bag - GYM BAGS DUFFL BAGS KITBAGS DAY PACKING (NAVVEY BLUE) - Blue,235,https://www.flipkart.com/raion-expandable-gym-bags-duffl-kitbags-day-packing-navvey-blue-duffel-bag/p/itmb885060775601?pid=DFBGYMMQM9G3ACF8&lid=LSTDFBGYMMQM9G3ACF8OTB0ES&marketplace=FLIPKART&q=bag&store=search.flipkart.com&srno=s_8_303&otracker=search&otracker1=search&iid=0d54f60d-145b-47a2-9b92-edea46d22c46.DFBGYMMQM9G3ACF8.SEARCH&ssid=bli74tujb40000001758312618267&qH=4a82715423d654d6
AGARO,33423 Upright Hand-held Vacuum Cleaner with Reusable Dust Bag,2199,https://www.flipkart.com/agaro-33423-upright-hand-held-vacuum-cleaner-reusable-dust-bag/p/itmb2fef35a2fac8?pid=VCLGFAHEFGZ3GBVY&lid=LSTVCLGFAHEFGZ3GBVYWMYLJG&marketplace=FLIPKART&q=bag&store=search.flipkart.com&srno=s_8_304&otracker=search&otracker1=search&iid=0d54f60d-145b-47a2-9b92-edea46d22c46.VCLGFAHEFGZ3GBVY.SEARCH&ssid=bli74tujb40000001758312618267&qH=4a82715423d654d6
Aveek,Small 11 L Backpack Bag129,201,https://www.flipkart.com/aveek-bag129-11-l-backpack/p/itm6cd3984a475e5?pid=BKPGQDRFFZST2PVH&lid=LSTBKPGQDRFFZST2PVHYV7BST&marketplace=FLIPKART&q=bag&store=search.flipkart.com&srno=s_8_305&otracker=search&otracker1=search&iid=0d54f60d-145b-47a2-9b92-edea46d22c46.BKPGQDRFFZST2PVH.SEARCH&ssid=bli74tujb40000001758312618267&qH=4a82715423d654d6
NDT,Small 10 L Backpack Sling Bag For Men CrossBody Backpack For Men Women USB Charging Port,336,https://www.flipkart.com/ndt-sling-bag-men-crossbody-backpack-women-usb-charging-port-10-l/p/itm4a814d6cd91d0?pid=BKPHD7DCAUKHFCQ5&lid=LSTBKPHD7DCAUKHFCQ5EU8PAE&marketplace=FLIPKART&q=bag&store=search.flipkart.com&srno=s_8_306&otracker=search&otracker1=search&iid=0d54f60d-145b-47a2-9b92-edea46d22c46.BKPHD7DCAUKHFCQ5.SEARCH&ssid=bli74tujb40000001758312618267&qH=4a82715423d654d6
Gear,Medium 26 L Backpack Jacquard Camo,906,https://www.flipkart.com/gear-jacquard-camo-26-l-backpack/p/itm5faf9e50cf7e2?pid=BKPFVHFVCH6ADMJM&lid=LSTBKPFVHFVCH6ADMJMZP2TBP&marketplace=FLIPKART&q=bag&store=search.flipkart.com&srno=s_8_307&otracker=search&otracker1=search&iid=en_Aaz0LtXhSCi3igzYVk23-v9mkGLKE5YXMJQ3eI0hABj8d8ZZmZiHZJ24CzfTP654nKCvwLqin-mqe6l71R9LLw891ypMzu4_aryI8_sihJ8%3D&ssid=bli74tujb40000001758312618267&qH=4a82715423d654d6
Gear,"Large 33 L Backpack Diva 17"" Girls",439,https://www.flipkart.com/gear-diva-17-girls-33-l-backpack/p/itme6d02a9ef46b4?pid=BKPHY52MVHYWVJMU&lid=LSTBKPHY52MVHYWVJMULUH6TW&marketplace=FLIPKART&q=bag&store=search.flipkart.com&srno=s_8_308&otracker=search&otracker1=search&iid=en_Aaz0LtXhSCi3igzYVk23-v9mkGLKE5YXMJQ3eI0hABjOiqIMCbgxarj2cY8anrmQPb31XOXyse1iTRulYEfXsBhTy0lUJ14SzoMSv_CzLF0%3D&ssid=bli74tujb40000001758312618267&qH=4a82715423d654d6
Skyberg,"Large 40 L Laptop Backpack 40L Backpack for Travel, School, Office, College with Laptop Compartment",425,https://www.flipkart.com/skyberg-40l-backpack-travel-school-office-college-laptop-compartment-40-l/p/itmed7612d703b18?pid=BKPH9ER2WZHV3H4B&lid=LSTBKPH9ER2WZHV3H4B5FAJMH&marketplace=FLIPKART&q=bag&store=search.flipkart.com&srno=s_8_309&otracker=search&otracker1=search&iid=0d54f60d-145b-47a2-9b92-edea46d22c46.BKPH9ER2WZHV3H4B.SEARCH&ssid=bli74tujb40000001758312618267&qH=4a82715423d654d6
WALSON,Medium 30 L Laptop Backpack Trendy Kawaii Backpack For College or School Backpack | Standard Backpack,798,https://www.flipkart.com/walson-trendy-kawaii-backpack-college-school-standard-30-l/p/itm05f9d77962271?pid=BKPH57EU5RPG2YXP&lid=LSTBKPH57EU5RPG2YXPD7AJQU&marketplace=FLIPKART&q=bag&store=search.flipkart.com&srno=s_8_310&otracker=search&otracker1=search&iid=0d54f60d-145b-47a2-9b92-edea46d22c46.BKPH57EU5RPG2YXP.SEARCH&ssid=bli74tujb40000001758312618267&qH=4a82715423d654d6
Gear,Medium 30 L Backpack FLORAL BACKPACK,494,https://www.flipkart.com/gear-floral-backpack-30-l/p/itm150c26211a734?pid=BKPGPMC5PRBW9M9D&lid=LSTBKPGPMC5PRBW9M9DLITXCQ&marketplace=FLIPKART&q=bag&store=search.flipkart.com&srno=s_8_311&otracker=search&otracker1=search&iid=en_Aaz0LtXhSCi3igzYVk23-v9mkGLKE5YXMJQ3eI0hABgtviSqenFDW52tITyg0kYLWaRJ_7CG_dQKxhb_Johfd33Gaq_wzx4HJysDmGalzMk%3D&ssid=bli74tujb40000001758312618267&qH=4a82715423d654d6
Gear,Small 18 L Backpack Eco 4,439,https://www.flipkart.com/gear-eco-4-18-l-backpack/p/itmf3um3tgh7vyk6?pid=BKPEHZYJTY2N2FUD&lid=LSTBKPEHZYJTY2N2FUDBTMD4X&marketplace=FLIPKART&q=bag&store=search.flipkart.com&srno=s_8_312&otracker=search&otracker1=search&iid=en_Aaz0LtXhSCi3igzYVk23-v9mkGLKE5YXMJQ3eI0hABiGHlMV_fK2QcFoixU3AFOkTygCkqYZpOksr9dm2X8QtuvN4Mn-dv-pi277bRzMbnY%3D&ssid=bli74tujb40000001758312618267&qH=4a82715423d654d6
Flyscape,Medium 25 L Laptop Backpack Terror Blue Green bag,283,https://www.flipkart.com/flyscape-terror-blue-green-bag-25-l-backpack/p/itm825b372558a76?pid=BKPH8G4GFXWRMDJX&lid=LSTBKPH8G4GFXWRMDJX0F2G7A&marketplace=FLIPKART&q=bag&store=search.flipkart.com&srno=s_8_313&otracker=search&otracker1=search&iid=0d54f60d-145b-47a2-9b92-edea46d22c46.BKPH8G4GFXWRMDJX.SEARCH&ssid=bli74tujb40000001758312618267&qH=4a82715423d654d6
Straplt,Small 20 L Backpack KO GREYPROBAG54_11,224,https://www.flipkart.com/straplt-ko-greyprobag54-11-20-l-backpack/p/itm53000b1af8d41?pid=BKPHYQ9DQRF5JZRA&lid=LSTBKPHYQ9DQRF5JZRAXOYKJN&marketplace=FLIPKART&q=bag&store=search.flipkart.com&srno=s_8_314&otracker=search&otracker1=search&iid=0d54f60d-145b-47a2-9b92-edea46d22c46.BKPHYQ9DQRF5JZRA.SEARCH&ssid=bli74tujb40000001758312618267&qH=4a82715423d654d6
jettik,Blue Men & Women Messenger Bag Polyster Waterproof,191,https://www.flipkart.com/jettik-blue-messenger-bag-polyster-waterproof/p/itm133b6ca3e5be5?pid=SLBGYTVPHPMN4NT7&lid=LSTSLBGYTVPHPMN4NT7DUNQVE&marketplace=FLIPKART&q=bag&store=search.flipkart.com&srno=s_8_315&otracker=search&otracker1=search&iid=0d54f60d-145b-47a2-9b92-edea46d22c46.SLBGYTVPHPMN4NT7.SEARCH&ssid=bli74tujb40000001758312618267&qH=4a82715423d654d6
Relic NexGen,Brown Men & Women Messenger Bag - Extra Large Relic Nex Gen Polyester Messenger Bag/Cash Bag for Men and Women (Brown) Waterproof Sling Bag,249,https://www.flipkart.com/relic-nexgen-brown-messenger-bag-nex-gen-polyester-bag-cash-men-women-brown-waterproof-sling/p/itm47adbfe05bdce?pid=SLBFV489QEGDSYTE&lid=LSTSLBFV489QEGDSYTESJ85PM&marketplace=FLIPKART&q=bag&store=search.flipkart.com&srno=s_8_316&otracker=search&otracker1=search&iid=0d54f60d-145b-47a2-9b92-edea46d22c46.SLBFV489QEGDSYTE.SEARCH&ssid=bli74tujb40000001758312618267&qH=4a82715423d654d6
Gear,"Medium 29 L Backpack Sound Break 17"" Boys",549,https://www.flipkart.com/gear-sound-break-17-boys-29-l-backpack/p/itmf1738e0bbd048?pid=BKPHYDF46FZ23PXA&lid=LSTBKPHYDF46FZ23PXANPRWHG&marketplace=FLIPKART&q=bag&store=search.flipkart.com&srno=s_8_317&otracker=search&otracker1=search&iid=en_Aaz0LtXhSCi3igzYVk23-v9mkGLKE5YXMJQ3eI0hABgrpMssnMGmUlFD81KvRilHV8gXnuLRN4N0D2tFPNYc4WaRs4JL222ZRV-dN99QnxU%3D&ssid=bli74tujb40000001758312618267&qH=4a82715423d654d6
NASHER MILES,Large 35 L Laptop Backpack Chemistry Laptop Backpack,1109,https://www.flipkart.com/nasher-miles-chemistry-laptop-backpack-35-l/p/itm468148664dd7f?pid=BKPGKWEKVHYAJGHH&lid=LSTBKPGKWEKVHYAJGHHRXEBEA&marketplace=FLIPKART&q=bag&store=search.flipkart.com&srno=s_8_318&otracker=search&otracker1=search&iid=en_Aaz0LtXhSCi3igzYVk23-v9mkGLKE5YXMJQ3eI0hABhjdgOQsXSRjSLHq084jnDgxVlRT_W1VpDIwAb2BSC8kInfEY2D5bWfIUmTlXs_oiU%3D&ssid=bli74tujb40000001758312618267&qH=4a82715423d654d6
BRENSTON,Grey Men & Women Sling Bag ULTRA-03,182,https://www.flipkart.com/brenston-grey-sling-bag-ultra-03/p/itm92e033ee491eb?pid=SLBHABQGWBCFZC3C&lid=LSTSLBHABQGWBCFZC3CBJQKUZ&marketplace=FLIPKART&q=bag&store=search.flipkart.com&srno=s_8_319&otracker=search&otracker1=search&iid=0d54f60d-145b-47a2-9b92-edea46d22c46.SLBHABQGWBCFZC3C.SEARCH&ssid=bli74tujb40000001758312618267&qH=4a82715423d654d6
Glacier,Black Men Sling Bag Crossbody Sling Bag for Men Women | Mini Vegan Leather Chest Bag | 3 Compartment,329,https://www.flipkart.com/glacier-black-sling-bag-crossbody-men-women-mini-vegan-leather-chest-3-compartment/p/itm358477ad30125?pid=SLBH8ETQQ7YZ4MYH&lid=LSTSLBH8ETQQ7YZ4MYHVJI5YI&marketplace=FLIPKART&q=bag&store=search.flipkart.com&srno=s_8_320&otracker=search&otracker1=search&iid=0d54f60d-145b-47a2-9b92-edea46d22c46.SLBH8ETQQ7YZ4MYH.SEARCH&ssid=bli74tujb40000001758312618267&qH=4a82715423d654d6
NASHER MILES,Large 45 L Backpack Pulse for Men & Women|3 compartment/Casual|Rain Cover,919,https://www.flipkart.com/nasher-miles-pulse-men-women-3-compartment-casual-rain-cover-45-l-backpack/p/itmcddc5b852b92b?pid=BKPGQP8XNKHRRJGM&lid=LSTBKPGQP8XNKHRRJGMTLBQ2A&marketplace=FLIPKART&q=bag&store=search.flipkart.com&srno=s_9_321&otracker=search&otracker1=search&iid=en_XnTAH7kjzw0drxCYH85AhSLDRjR0kQAXjUUEfzt7Vr9vcRB1PmoO-LLS60OAUVLgXzlCcWYIHMULaYr2cWm1CvUFjCTyOHoHZs-Z5_PS_w0%3D&ssid=zvoqeo0b680000001758312629667&qH=4a82715423d654d6
NASHER MILES,"Large 45 L Backpack Wave Backpack for Men & Women | 3 compartment/Casual/College Bag | Red, 45L",869,https://www.flipkart.com/nasher-miles-wave-backpack-men-women-3-compartment-casual-college-bag-red-45l-45-l/p/itm631d290c3e367?pid=BKPGQP8WAE8KQNH8&lid=LSTBKPGQP8WAE8KQNH8JBIMNU&marketplace=FLIPKART&q=bag&store=search.flipkart.com&srno=s_9_322&otracker=search&otracker1=search&iid=en_XnTAH7kjzw0drxCYH85AhSLDRjR0kQAXjUUEfzt7Vr_BLpHBkaBsJmL_xT_Cj8q-1MVON_WAYDsHCfeJKKf_evUFjCTyOHoHZs-Z5_PS_w0%3D&ssid=zvoqeo0b680000001758312629667&qH=4a82715423d654d6
Raez,5 L Gym Duffel Bag - Gym Bag For Boys & Girls - Black,231,https://www.flipkart.com/raez-gym-bag-boys-girls-duffel/p/itm97a24f49b1f5d?pid=DFBGSQKZSPYQE74X&lid=LSTDFBGSQKZSPYQE74XI3AIHW&marketplace=FLIPKART&q=bag&store=search.flipkart.com&srno=s_9_323&otracker=search&otracker1=search&iid=cda2f4b0-bb1e-4616-93c6-c7232b5c2894.DFBGSQKZSPYQE74X.SEARCH&ssid=zvoqeo0b680000001758312629667&qH=4a82715423d654d6
,"EVOFOX Fireblade LED Backlit Wired USB Standard Gaming Keyboard Compatible with Desktop, Laptop, Mac with gaming mode ,stand support,multimedia_keys,Fireblade",749,https://www.flipkart.com/evofox-fireblade-led-backlit-wired-usb-standard-gaming-keyboard-compatible-desktop-laptop-mac-mode-stand-support-multimedia-keys-fireblade/p/itm77f90036ddeb4?pid=ACCFS66EEDXYNYVW&lid=LSTACCFS66EEDXYNYVWJA6YXC&marketplace=FLIPKART&q=bag&store=search.flipkart.com&srno=s_9_324&otracker=search&otracker1=search&iid=cda2f4b0-bb1e-4616-93c6-c7232b5c2894.ACCFS66EEDXYNYVW.SEARCH&ssid=zvoqeo0b680000001758312629667&qH=4a82715423d654d6
WEIRVI,1.5 L Backpack Multifunction Anti-Theft Sling Bag,372,https://www.flipkart.com/weirvi-multifunction-anti-theft-sling-bag-1-5-l-backpack/p/itmd3359b1bc8b7f?pid=BKPGXM3C8KY3NZXU&lid=LSTBKPGXM3C8KY3NZXUPEUPKG&marketplace=FLIPKART&q=bag&store=search.flipkart.com&srno=s_9_325&otracker=search&otracker1=search&iid=cda2f4b0-bb1e-4616-93c6-c7232b5c2894.BKPGXM3C8KY3NZXU.SEARCH&ssid=zvoqeo0b680000001758312629667&qH=4a82715423d654d6
LAVITRA,Small 20 L Laptop Backpack Backpack Purse for Women Fashionable Travel Vintage Polyester Bag For Girls,447,https://www.flipkart.com/lavitra-backpack-purse-women-fashionable-travel-vintage-polyester-bag-girls-20-l/p/itmd7d709633308c?pid=BKPH5XF8Z737GDMF&lid=LSTBKPH5XF8Z737GDMFKLZJJU&marketplace=FLIPKART&q=bag&store=search.flipkart.com&srno=s_9_326&otracker=search&otracker1=search&iid=cda2f4b0-bb1e-4616-93c6-c7232b5c2894.BKPH5XF8Z737GDMF.SEARCH&ssid=zvoqeo0b680000001758312629667&qH=4a82715423d654d6
NASHER MILES,"Large 45 L Backpack Wave Backpack for Men & Women | 3 compartment/Casual/College Bag|Navy Blue, 45L",919,https://www.flipkart.com/nasher-miles-wave-backpack-men-women-3-compartment-casual-college-bag-navy-blue-45l-45-l/p/itm1d6a954e28adb?pid=BKPGQP8W4NW25HXY&lid=LSTBKPGQP8W4NW25HXYJZWYLS&marketplace=FLIPKART&q=bag&store=search.flipkart.com&srno=s_9_327&otracker=search&otracker1=search&iid=en_XnTAH7kjzw0drxCYH85AhSLDRjR0kQAXjUUEfzt7Vr-j8lorNsYb9dr310x0kAp_LQnnuvtbD-OzqSs83G7BV_UFjCTyOHoHZs-Z5_PS_w0%3D&ssid=zvoqeo0b680000001758312629667&qH=4a82715423d654d6
NASHER MILES,Large 45 L Backpack Men & Women | 3 compartment/Casual/College Bag,909,https://www.flipkart.com/nasher-miles-men-women-3-compartment-casual-college-bag-45-l-backpack/p/itm4fe903cc7f31c?pid=BKPGQP8WFTW6HJA9&lid=LSTBKPGQP8WFTW6HJA9WJTDMP&marketplace=FLIPKART&q=bag&store=search.flipkart.com&srno=s_9_328&otracker=search&otracker1=search&iid=en_XnTAH7kjzw0drxCYH85AhSLDRjR0kQAXjUUEfzt7Vr-C4xweajHYSdguC_O0iPoEOgW6y7N1H4LgXQiiBRCXDfUFjCTyOHoHZs-Z5_PS_w0%3D&ssid=zvoqeo0b680000001758312629667&qH=4a82715423d654d6
Floto,Small 20 L Laptop Backpack Menbackpacks Boys bags for school college riding hiking mercedes stylish bag,269,https://www.flipkart.com/floto-menbackpacks-boys-bags-school-college-riding-hiking-mercedes-stylish-bag-20-l-backpack/p/itme3aaac1a014b4?pid=BKPHYATJYYVHAKVK&lid=LSTBKPHYATJYYVHAKVKSYIFZ8&marketplace=FLIPKART&q=bag&store=search.flipkart.com&srno=s_9_329&otracker=search&otracker1=search&iid=cda2f4b0-bb1e-4616-93c6-c7232b5c2894.BKPHYATJYYVHAKVK.SEARCH&ssid=zvoqeo0b680000001758312629667&qH=4a82715423d654d6
facto,Large 65 L Backpack 70 L Backpack Stylish Waterproof School bag 6th to 10th Class (Blue),388,https://www.flipkart.com/facto-70-l-backpack-stylish-waterproof-school-bag-6th-10th-class-blue-65/p/itm3eaf04083ca38?pid=BKPGRPSXR8U6RFDQ&lid=LSTBKPGRPSXR8U6RFDQRIA5HS&marketplace=FLIPKART&q=bag&store=search.flipkart.com&srno=s_9_330&otracker=search&otracker1=search&iid=cda2f4b0-bb1e-4616-93c6-c7232b5c2894.BKPGRPSXR8U6RFDQ.SEARCH&ssid=zvoqeo0b680000001758312629667&qH=4a82715423d654d6
NASHER MILES,Large 40 L Laptop Backpack Corporate Black Laptop Backpack,1509,https://www.flipkart.com/nasher-miles-corporate-black-laptop-backpack-40-l/p/itmcbb4d30c323d6?pid=BKPGH7X2FMWUJ9DE&lid=LSTBKPGH7X2FMWUJ9DE18C4CI&marketplace=FLIPKART&q=bag&store=search.flipkart.com&srno=s_9_331&otracker=search&otracker1=search&iid=en_XnTAH7kjzw0drxCYH85AhSLDRjR0kQAXjUUEfzt7Vr8OLm7ck-LXObOG3z-E1B7Qm_UCcHfN6lAjH5Ia6FxUCvUFjCTyOHoHZs-Z5_PS_w0%3D&ssid=zvoqeo0b680000001758312629667&qH=4a82715423d654d6
Gear,Medium 25 L Backpack BOMBER ECO STATEMENT 2C,600,https://www.flipkart.com/gear-bomber-eco-statement-2c-25-l-backpack/p/itmd8fce05ae49c7?pid=BKPFVDFYHE8WCF4Q&lid=LSTBKPFVDFYHE8WCF4QZPQW5Q&marketplace=FLIPKART&q=bag&store=search.flipkart.com&srno=s_9_332&otracker=search&otracker1=search&iid=en_XnTAH7kjzw0drxCYH85AhSLDRjR0kQAXjUUEfzt7Vr8Jq4LyqgP0bjqDhLWPbJ0URDAIN-FaBbvpxXxj_DRR9fUFjCTyOHoHZs-Z5_PS_w0%3D&ssid=zvoqeo0b680000001758312629667&qH=4a82715423d654d6
toplis,Small 20 L Laptop Backpack Backpack Purse for Women Fashionable Travel Vintage Polyester Bag For Girls,595,https://www.flipkart.com/toplis-backpack-purse-women-fashionable-travel-vintage-polyester-bag-girls-20-l/p/itm58f5221a291cf?pid=BKPHDHAYYCPDBR8Y&lid=LSTBKPHDHAYYCPDBR8YCUFAWZ&marketplace=FLIPKART&q=bag&store=search.flipkart.com&srno=s_9_333&otracker=search&otracker1=search&iid=cda2f4b0-bb1e-4616-93c6-c7232b5c2894.BKPHDHAYYCPDBR8Y.SEARCH&ssid=zvoqeo0b680000001758312629667&qH=4a82715423d654d6
SBCOLLECTION,Medium 30 L Laptop Backpack Reflective Strip Waterproof Office/School/College/Business/Travel Bag Unisex,319,https://www.flipkart.com/sbcollection-reflective-strip-waterproof-office-school-college-business-travel-bag-unisex-30-l-backpack/p/itm021c48d0bd056?pid=BKPGW3M7TGJSNYXN&lid=LSTBKPGW3M7TGJSNYXNKRPZZ6&marketplace=FLIPKART&q=bag&store=search.flipkart.com&srno=s_9_334&otracker=search&otracker1=search&iid=cda2f4b0-bb1e-4616-93c6-c7232b5c2894.BKPGW3M7TGJSNYXN.SEARCH&ssid=zvoqeo0b680000001758312629667&qH=4a82715423d654d6
WXR,White Men Sling Bag Stylish Trendy College Tuition Multi-Purpose Spacious,640,https://www.flipkart.com/wxr-white-sling-bag-stylish-trendy-college-tuition-multi-purpose-spacious/p/itmd8165be50b491?pid=SLBH7C6A2VGGDNK5&lid=LSTSLBH7C6A2VGGDNK5WGAVYX&marketplace=FLIPKART&q=bag&store=search.flipkart.com&srno=s_9_335&otracker=search&otracker1=search&iid=cda2f4b0-bb1e-4616-93c6-c7232b5c2894.SLBH7C6A2VGGDNK5.SEARCH&ssid=zvoqeo0b680000001758312629667&qH=4a82715423d654d6
NIKE,Black Men & Women Sling Bag Heritage,1516,https://www.flipkart.com/nike-black-sling-bag-heritage/p/itm8a811acbdf994?pid=SLBH7Z8KMWKHGHT6&lid=LSTSLBH7Z8KMWKHGHT6U2Z9FP&marketplace=FLIPKART&q=bag&store=search.flipkart.com&srno=s_9_336&otracker=search&otracker1=search&iid=cda2f4b0-bb1e-4616-93c6-c7232b5c2894.SLBH7Z8KMWKHGHT6.SEARCH&ssid=zvoqeo0b680000001758312629667&qH=4a82715423d654d6
Gear,Small 19 L Backpack ECO 4,439,https://www.flipkart.com/gear-eco-4-19-l-backpack/p/itmf3uhzyhaw68ag?pid=BKPETY66VBVCZFSK&lid=LSTBKPETY66VBVCZFSKDIHGUL&marketplace=FLIPKART&q=bag&store=search.flipkart.com&srno=s_9_337&otracker=search&otracker1=search&iid=en_XnTAH7kjzw0drxCYH85AhSLDRjR0kQAXjUUEfzt7Vr_YNUHXxg8jiLc6zIJy7LP8RP2Fzv6BfC1CMU0fpV5u4_UFjCTyOHoHZs-Z5_PS_w0%3D&ssid=zvoqeo0b680000001758312629667&qH=4a82715423d654d6
Gear,Large 40 L Backpack FROSTED,439,https://www.flipkart.com/gear-frosted-40-l-backpack/p/itm3eae9c5919311?pid=BKPGQWVUTE5BMK8C&lid=LSTBKPGQWVUTE5BMK8CNOWNIT&marketplace=FLIPKART&q=bag&store=search.flipkart.com&srno=s_9_338&otracker=search&otracker1=search&iid=en_XnTAH7kjzw0drxCYH85AhSLDRjR0kQAXjUUEfzt7Vr8nL5QN6YRFpXRc8kiaE4lrjJmYuElqAzWPmrotkM_v8_UFjCTyOHoHZs-Z5_PS_w0%3D&ssid=zvoqeo0b680000001758312629667&qH=4a82715423d654d6
ROCKZONE,"Blue, Grey Men & Women Sling Bag - Medium Denim blue/grey cross body/Sling bag",195,https://www.flipkart.com/rockzone-blue-grey-sling-bag-denim-blue-grey-cross-body-sling/p/itm665c7d664b90e?pid=SLBG8Z4MZFT5AYQH&lid=LSTSLBG8Z4MZFT5AYQHYSNB82&marketplace=FLIPKART&q=bag&store=search.flipkart.com&srno=s_9_339&otracker=search&otracker1=search&iid=cda2f4b0-bb1e-4616-93c6-c7232b5c2894.SLBG8Z4MZFT5AYQH.SEARCH&ssid=zvoqeo0b680000001758312629667&qH=4a82715423d654d6
zesla,Black Men & Women Sling Bag Small Crossbody,284,https://www.flipkart.com/zesla-black-sling-bag-small-crossbody/p/itm5bb84e15b84cd?pid=SLBHFGGKZ65RZ3ZH&lid=LSTSLBHFGGKZ65RZ3ZHR3EUCU&marketplace=FLIPKART&q=bag&store=search.flipkart.com&srno=s_9_340&otracker=search&otracker1=search&iid=cda2f4b0-bb1e-4616-93c6-c7232b5c2894.SLBHFGGKZ65RZ3ZH.SEARCH&ssid=zvoqeo0b680000001758312629667&qH=4a82715423d654d6
Gear,Small 18 L Backpack Eco 4,439,https://www.flipkart.com/gear-eco-4-18-l-backpack/p/itmf3um3tgh7vyk6?pid=BKPEHZYJTY2N2FUD&lid=LSTBKPEHZYJTY2N2FUDBTMD4X&marketplace=FLIPKART&q=bag&store=search.flipkart.com&srno=s_9_341&otracker=search&otracker1=search&iid=en_XnTAH7kjzw0drxCYH85AhSLDRjR0kQAXjUUEfzt7Vr_bbz7z0FWx3bxqDo-Ds0PBdoS6yZzAbyvxNfcRld946vUFjCTyOHoHZs-Z5_PS_w0%3D&ssid=zvoqeo0b680000001758312629667&qH=4a82715423d654d6
Gear,Large 31 L Backpack SPECIAL AGENT BACKPACK,885,https://www.flipkart.com/gear-special-agent-backpack-31-l/p/itme3fb870a235c0?pid=BKPHDUMDKMUYPJS6&lid=LSTBKPHDUMDKMUYPJS6CENJEY&marketplace=FLIPKART&q=bag&store=search.flipkart.com&srno=s_9_342&otracker=search&otracker1=search&iid=en_XnTAH7kjzw0drxCYH85AhSLDRjR0kQAXjUUEfzt7Vr8DW8XTG-2cnYqMOX-1rvTK4E-YQCzJckyqHTDhhyIcLaV8WX5krIChubBlraAu4CQ%3D&ssid=zvoqeo0b680000001758312629667&qH=4a82715423d654d6
Destinio,Green Men & Women Sling Bag Unisex Mini Sling Bag Crossbody for Men & Women Travel & Office Bag,900,https://www.flipkart.com/destinio-green-sling-bag-unisex-mini-crossbody-men-women-travel-office/p/itm635cf6fc26efd?pid=SLBH5Z25CJVBKZB9&lid=LSTSLBH5Z25CJVBKZB99TN40H&marketplace=FLIPKART&q=bag&store=search.flipkart.com&srno=s_9_343&otracker=search&otracker1=search&iid=cda2f4b0-bb1e-4616-93c6-c7232b5c2894.SLBH5Z25CJVBKZB9.SEARCH&ssid=zvoqeo0b680000001758312629667&qH=4a82715423d654d6
Venzina,32.85 L Gym Duffel Bag - Multipurpose Waterproof Travel Hiking Bag with Shoe Compartment Nylon Backpack - Blue,928,https://www.flipkart.com/venzina-multipurpose-waterproof-travel-hiking-bag-shoe-compartment-nylon-backpack-gym-duffel/p/itm0aaf32079a06d?pid=DFBH8BFQY7UP8TBM&lid=LSTDFBH8BFQY7UP8TBMOZSPJN&marketplace=FLIPKART&q=bag&store=search.flipkart.com&srno=s_9_344&otracker=search&otracker1=search&iid=cda2f4b0-bb1e-4616-93c6-c7232b5c2894.DFBH8BFQY7UP8TBM.SEARCH&ssid=zvoqeo0b680000001758312629667&qH=4a82715423d654d6
Arlife,3 L Gym Duffel Bag - Portable Foldable Shopping Bag Large Capacity(Multi) - Multicolor,203,https://www.flipkart.com/arlife-portable-foldable-shopping-bag-large-capacity-multi-gym-duffel/p/itm2e5fc1a15f2df?pid=DFBGS9W6HQDJZHFR&lid=LSTDFBGS9W6HQDJZHFRCQL4X3&marketplace=FLIPKART&q=bag&store=search.flipkart.com&srno=s_9_345&otracker=search&otracker1=search&iid=cda2f4b0-bb1e-4616-93c6-c7232b5c2894.DFBGS9W6HQDJZHFR.SEARCH&ssid=zvoqeo0b680000001758312629667&qH=4a82715423d654d6
,ZEBRONICS ZEB-TRANSFORMER-M Wired Ambidextrous Optical  Gaming Mouse,449,https://www.flipkart.com/zebronics-zeb-transformer-m-wired-ambidextrous-optical-gaming-mouse/p/itm9414717eb9f98?pid=ACCFU5WZWYREMKKW&lid=LSTACCFU5WZWYREMKKWLOXVHS&marketplace=FLIPKART&q=bag&store=search.flipkart.com&srno=s_9_346&otracker=search&otracker1=search&iid=cda2f4b0-bb1e-4616-93c6-c7232b5c2894.ACCFU5WZWYREMKKW.SEARCH&ssid=zvoqeo0b680000001758312629667&qH=4a82715423d654d6
Gear,"Medium 29 L Backpack Sound Break 17"" Boys",549,https://www.flipkart.com/gear-sound-break-17-boys-29-l-backpack/p/itm48dc519779e55?pid=BKPHY52USHKHRV78&lid=LSTBKPHY52USHKHRV78GIOZMK&marketplace=FLIPKART&q=bag&store=search.flipkart.com&srno=s_9_347&otracker=search&otracker1=search&iid=en_XnTAH7kjzw0drxCYH85AhSLDRjR0kQAXjUUEfzt7Vr-_A-1uB5kLPU7SxIBHv6g9qfzbn4IzPyT99XSxrMdzGw891ypMzu4_aryI8_sihJ8%3D&ssid=zvoqeo0b680000001758312629667&qH=4a82715423d654d6
Gear,Medium 26 L Backpack Jacquard Camo,906,https://www.flipkart.com/gear-jacquard-camo-26-l-backpack/p/itm5faf9e50cf7e2?pid=BKPFVHFVCH6ADMJM&lid=LSTBKPFVHFVCH6ADMJMZP2TBP&marketplace=FLIPKART&q=bag&store=search.flipkart.com&srno=s_9_348&otracker=search&otracker1=search&iid=en_XnTAH7kjzw0drxCYH85AhSLDRjR0kQAXjUUEfzt7Vr8qsaunpOzVmko7JuQuocZtnKCvwLqin-mqe6l71R9LLxhTy0lUJ14SzoMSv_CzLF0%3D&ssid=zvoqeo0b680000001758312629667&qH=4a82715423d654d6
Roadster,Medium 23 L Laptop Backpack Medium Daypack,499,https://www.flipkart.com/roadster-medium-daypack-23-l-backpack/p/itmf7652e17b1642?pid=BKPGXRKWGAZWCZXD&lid=LSTBKPGXRKWGAZWCZXDEAH3YX&marketplace=FLIPKART&q=bag&store=search.flipkart.com&srno=s_9_349&otracker=search&otracker1=search&iid=cda2f4b0-bb1e-4616-93c6-c7232b5c2894.BKPGXRKWGAZWCZXD.SEARCH&ssid=zvoqeo0b680000001758312629667&qH=4a82715423d654d6
sky spirit,Large 50 L Laptop Backpack large for Outdoor Sport Hiking travel bags (),397,https://www.flipkart.com/sky-spirit-large-outdoor-sport-hiking-travel-bags-50-l-backpack/p/itm64f04efa8d7bd?pid=BKPG9Y7XRFNZQYGZ&lid=LSTBKPG9Y7XRFNZQYGZVTYFUH&marketplace=FLIPKART&q=bag&store=search.flipkart.com&srno=s_9_350&otracker=search&otracker1=search&iid=cda2f4b0-bb1e-4616-93c6-c7232b5c2894.BKPG9Y7XRFNZQYGZ.SEARCH&ssid=zvoqeo0b680000001758312629667&qH=4a82715423d654d6
Gear,"Medium 29 L Backpack Sound Break 17"" Boys",549,https://www.flipkart.com/gear-sound-break-17-boys-29-l-backpack/p/itmf1738e0bbd048?pid=BKPHYDF46FZ23PXA&lid=LSTBKPHYDF46FZ23PXANPRWHG&marketplace=FLIPKART&q=bag&store=search.flipkart.com&srno=s_9_351&otracker=search&otracker1=search&iid=en_XnTAH7kjzw0drxCYH85AhSLDRjR0kQAXjUUEfzt7Vr_c72sACXR93FJw-sPYBNm6V8gXnuLRN4N0D2tFPNYc4X3Gaq_wzx4HJysDmGalzMk%3D&ssid=zvoqeo0b680000001758312629667&qH=4a82715423d654d6
Gear,"Large 33 L Backpack Diva 17"" Girls",439,https://www.flipkart.com/gear-diva-17-girls-33-l-backpack/p/itme6d02a9ef46b4?pid=BKPHY52MVHYWVJMU&lid=LSTBKPHY52MVHYWVJMULUH6TW&marketplace=FLIPKART&q=bag&store=search.flipkart.com&srno=s_9_352&otracker=search&otracker1=search&iid=en_XnTAH7kjzw0drxCYH85AhSLDRjR0kQAXjUUEfzt7Vr8T5Wg82igqoActzMLB6fMLPb31XOXyse1iTRulYEfXsOvN4Mn-dv-pi277bRzMbnY%3D&ssid=zvoqeo0b680000001758312629667&qH=4a82715423d654d6
arisen,Large 40 L Laptop Backpack Large 40 L Laptop Backpack Laptop Medium Waterproof Schoo/College Bag,488,https://www.flipkart.com/arisen-large-40-l-laptop-backpack-medium-waterproof-schoo-college-bag/p/itm6e9509a879f86?pid=BKPH9B55BKPDKGED&lid=LSTBKPH9B55BKPDKGEDZPSUTT&marketplace=FLIPKART&q=bag&store=search.flipkart.com&srno=s_9_353&otracker=search&otracker1=search&iid=cda2f4b0-bb1e-4616-93c6-c7232b5c2894.BKPH9B55BKPDKGED.SEARCH&ssid=zvoqeo0b680000001758312629667&qH=4a82715423d654d6
BACKPACKERS,Large 35 L Laptop Backpack Remin,355,https://www.flipkart.com/backpackers-remin-35-l-backpack/p/itmd1414f7105406?pid=BKPH4AEB4N8YFQ92&lid=LSTBKPH4AEB4N8YFQ92EYGO1K&marketplace=FLIPKART&q=bag&store=search.flipkart.com&srno=s_9_354&otracker=search&otracker1=search&iid=cda2f4b0-bb1e-4616-93c6-c7232b5c2894.BKPH4AEB4N8YFQ92.SEARCH&ssid=zvoqeo0b680000001758312629667&qH=4a82715423d654d6
HP,Medium 24 L Backpack JDBAG00007,289,https://www.flipkart.com/hp-jdbag00007-24-l-backpack/p/itm8f832a56378e5?pid=BKPGTMT3QDGU47CR&lid=LSTBKPGTMT3QDGU47CR2PZPEW&marketplace=FLIPKART&q=bag&store=search.flipkart.com&srno=s_9_355&otracker=search&otracker1=search&iid=cda2f4b0-bb1e-4616-93c6-c7232b5c2894.BKPGTMT3QDGU47CR.SEARCH&ssid=zvoqeo0b680000001758312629667&qH=4a82715423d654d6
HUNTER,Large 33 L Laptop Backpack vegan Leather bacgpack for men,450,https://www.flipkart.com/hunter-vegan-leather-bacgpack-men-33-l-backpack/p/itm12ffff8b366a7?pid=BKPH6ZMK3PMGHFUK&lid=LSTBKPH6ZMK3PMGHFUKRYWLWU&marketplace=FLIPKART&q=bag&store=search.flipkart.com&srno=s_9_356&otracker=search&otracker1=search&iid=cda2f4b0-bb1e-4616-93c6-c7232b5c2894.BKPH6ZMK3PMGHFUK.SEARCH&ssid=zvoqeo0b680000001758312629667&qH=4a82715423d654d6
Gear,Medium 30 L Backpack FLORAL BACKPACK,494,https://www.flipkart.com/gear-floral-backpack-30-l/p/itm150c26211a734?pid=BKPGPMC5PRBW9M9D&lid=LSTBKPGPMC5PRBW9M9DLITXCQ&marketplace=FLIPKART&q=bag&store=search.flipkart.com&srno=s_9_357&otracker=search&otracker1=search&iid=en_XnTAH7kjzw0drxCYH85AhSLDRjR0kQAXjUUEfzt7Vr_jopCxCSbyx_VqEjSnVfPXWaRJ_7CG_dQKxhb_Johfd2aRs4JL222ZRV-dN99QnxU%3D&ssid=zvoqeo0b680000001758312629667&qH=4a82715423d654d6
NASHER MILES,Large 35 L Laptop Backpack Chemistry Laptop Backpack,1109,https://www.flipkart.com/nasher-miles-chemistry-laptop-backpack-35-l/p/itm468148664dd7f?pid=BKPGKWEKVHYAJGHH&lid=LSTBKPGKWEKVHYAJGHHRXEBEA&marketplace=FLIPKART&q=bag&store=search.flipkart.com&srno=s_9_358&otracker=search&otracker1=search&iid=en_XnTAH7kjzw0drxCYH85AhSLDRjR0kQAXjUUEfzt7Vr9emEh8Lw3a4c0fonAuTxqNxVlRT_W1VpDIwAb2BSC8kInfEY2D5bWfIUmTlXs_oiU%3D&ssid=zvoqeo0b680000001758312629667&qH=4a82715423d654d6
Alison,Brown Men Sling Bag Sling BAG,239,https://www.flipkart.com/alison-brown-sling-bag/p/itmc6f1fe156329d?pid=SLBGNGK2CJHFHAGW&lid=LSTSLBGNGK2CJHFHAGWG7U3RL&marketplace=FLIPKART&q=bag&store=search.flipkart.com&srno=s_9_359&otracker=search&otracker1=search&iid=cda2f4b0-bb1e-4616-93c6-c7232b5c2894.SLBGNGK2CJHFHAGW.SEARCH&ssid=zvoqeo0b680000001758312629667&qH=4a82715423d654d6
Swanky,Black Men & Women Sling Bag Waist bag for Money Cards| Mobile Kit Pouch Cross Side Bags for men Women,197,https://www.flipkart.com/swanky-black-sling-bag-waist-money-cards-mobile-kit-pouch-cross-side-bags-men-women/p/itm6f164b0badce9?pid=SLBHFQ8WA78R3NBV&lid=LSTSLBHFQ8WA78R3NBVIQHSMF&marketplace=FLIPKART&q=bag&store=search.flipkart.com&srno=s_9_360&otracker=search&otracker1=search&iid=cda2f4b0-bb1e-4616-93c6-c7232b5c2894.SLBHFQ8WA78R3NBV.SEARCH&ssid=zvoqeo0b680000001758312629667&qH=4a82715423d654d6
